linear,b,d,nsamples,accuracy,trueneg,falseneg,truepos,falsepos
False,0.01,0.01,200,0.5272727272727273,211,28,572,674
False,0.01,0.01,200,0.5016835016835017,168,23,577,717
False,0.01,0.01,200,0.5845117845117845,290,22,578,595
False,0.01,0.01,200,0.5164983164983166,176,9,591,709
False,0.01,0.01,200,0.5676767676767677,268,25,575,617
False,0.01,0.01,200,0.5420875420875421,228,23,577,657
False,0.01,0.01,200,0.4996632996632997,182,40,560,703
False,0.01,0.01,200,0.5764309764309764,292,36,564,593
False,0.01,0.01,200,0.5367003367003367,221,24,576,664
False,0.01,0.01,200,0.5569023569023569,259,32,568,626
False,0.01,0.01,200,0.5367003367003367,230,33,567,655
False,0.01,0.01,200,0.5367003367003367,218,21,579,667
False,0.01,0.01,200,0.6175084175084176,343,26,574,542
False,0.01,0.01,200,0.5744107744107745,257,4,596,628
False,0.01,0.01,200,0.6026936026936027,302,7,593,583
False,0.01,0.01,200,0.5077441077441077,179,25,575,706
False,0.01,0.01,200,0.6336700336700336,364,23,577,521
False,0.01,0.01,200,0.5420875420875421,214,9,591,671
False,0.01,0.01,200,0.5723905723905724,266,16,584,619
False,0.01,0.01,200,0.5744107744107745,271,18,582,614
False,0.01,0.01,200,0.5265993265993266,214,32,568,671
False,0.01,0.01,200,0.5649831649831649,266,27,573,619
False,0.01,0.01,200,0.5393939393939393,211,10,590,674
False,0.01,0.01,200,0.5885521885521885,305,31,569,580
False,0.01,0.01,200,0.5521885521885521,230,10,590,655
False,0.01,0.01,200,0.595959595959596,295,10,590,590
False,0.01,0.01,200,0.4875420875420875,161,37,563,724
False,0.01,0.01,200,0.501010101010101,179,35,565,706
False,0.01,0.01,200,0.5562289562289562,250,24,576,635
False,0.01,0.01,200,0.5528619528619529,259,38,562,626
False,0.01,0.01,200,0.573063973063973,271,20,580,614
False,0.01,0.01,200,0.5912457912457912,283,5,595,602
False,0.01,0.01,200,0.5535353535353535,227,5,595,658
False,0.01,0.01,200,0.5414141414141413,212,8,592,673
False,0.01,0.01,200,0.5313131313131313,201,12,588,684
False,0.01,0.01,200,0.5023569023569023,180,34,566,705
False,0.01,0.01,200,0.5925925925925926,292,12,588,593
False,0.01,0.01,200,0.4875420875420875,147,23,577,738
False,0.01,0.01,200,0.47138047138047134,120,20,580,765
False,0.01,0.01,200,0.5407407407407407,227,24,576,658
False,0.01,0.01,200,0.5797979797979798,271,10,590,614
False,0.01,0.01,200,0.5346801346801346,215,21,579,670
False,0.01,0.01,200,0.5367003367003367,207,10,590,678
False,0.01,0.01,200,0.569023569023569,279,34,566,606
False,0.01,0.01,200,0.5851851851851853,285,16,584,600
False,0.01,0.01,200,0.6397306397306397,360,10,590,525
False,0.01,0.01,200,0.5622895622895623,245,10,590,640
False,0.01,0.01,200,0.5164983164983166,208,41,559,677
False,0.01,0.01,200,0.5595959595959596,254,23,577,631
False,0.01,0.01,200,0.5488215488215489,229,14,586,656
False,0.01,0.05,200,0.5515151515151515,248,29,571,637
False,0.01,0.05,200,0.5360269360269361,226,30,570,659
False,0.01,0.05,200,0.5387205387205387,217,17,583,668
False,0.01,0.05,200,0.5703703703703704,272,25,575,613
False,0.01,0.05,200,0.6013468013468013,301,8,592,584
False,0.01,0.05,200,0.5494949494949495,245,29,571,640
False,0.01,0.05,200,0.4760942760942761,148,41,559,737
False,0.01,0.05,200,0.4666666666666667,102,9,591,783
False,0.01,0.05,200,0.5656565656565656,246,6,594,639
False,0.01,0.05,200,0.5622895622895623,245,10,590,640
False,0.01,0.05,200,0.6269360269360269,349,18,582,536
False,0.01,0.05,200,0.5811447811447812,270,7,593,615
False,0.01,0.05,200,0.5569023569023569,243,16,584,642
False,0.01,0.05,200,0.560942760942761,259,26,574,626
False,0.01,0.05,200,0.5797979797979798,278,17,583,607
False,0.01,0.05,200,0.5407407407407407,215,12,588,670
False,0.01,0.05,200,0.5454545454545454,226,16,584,659
False,0.01,0.05,200,0.5683501683501684,251,7,593,634
False,0.01,0.05,200,0.5441077441077441,236,28,572,649
False,0.01,0.05,200,0.5925925925925926,293,13,587,592
False,0.01,0.05,200,0.560942760942761,240,7,593,645
False,0.01,0.05,200,0.591919191919192,299,20,580,586
False,0.01,0.05,200,0.6235690235690236,343,17,583,542
False,0.01,0.05,200,0.5043771043771044,161,12,588,724
False,0.01,0.05,200,0.5663299663299664,241,0,600,644
False,0.01,0.05,200,0.5434343434343434,227,20,580,658
False,0.01,0.05,200,0.5420875420875421,218,13,587,667
False,0.01,0.05,200,0.5427609427609428,237,31,569,648
False,0.01,0.05,200,0.5750841750841751,277,23,577,608
False,0.01,0.05,200,0.5737373737373737,265,13,587,620
False,0.01,0.05,200,0.5239057239057239,190,12,588,695
False,0.01,0.05,200,0.4626262626262626,117,30,570,768
False,0.01,0.05,200,0.531986531986532,200,10,590,685
False,0.01,0.05,200,0.5602693602693603,240,8,592,645
False,0.01,0.05,200,0.569023569023569,272,27,573,613
False,0.01,0.05,200,0.505050505050505,165,15,585,720
False,0.01,0.05,200,0.5676767676767677,255,12,588,630
False,0.01,0.05,200,0.5124579124579125,207,46,554,678
False,0.01,0.05,200,0.5508417508417509,229,11,589,656
False,0.01,0.05,200,0.5838383838383838,276,9,591,609
False,0.01,0.05,200,0.5602693602693603,236,4,596,649
False,0.01,0.05,200,0.44781144781144777,94,29,571,791
False,0.01,0.05,200,0.5279461279461279,192,8,592,693
False,0.01,0.05,200,0.5063973063973064,189,37,563,696
False,0.01,0.05,200,0.5818181818181818,293,29,571,592
False,0.01,0.05,200,0.5447811447811448,210,1,599,675
False,0.01,0.05,200,0.5818181818181818,285,21,579,600
False,0.01,0.05,200,0.4949494949494949,161,26,574,724
False,0.01,0.05,200,0.5535353535353535,240,18,582,645
False,0.01,0.05,200,0.5683501683501684,281,37,563,604
False,0.05,0.01,200,0.5932659932659933,326,45,555,559
False,0.05,0.01,200,0.5784511784511784,278,19,581,607
False,0.05,0.01,200,0.5407407407407407,214,11,589,671
False,0.05,0.01,200,0.5313131313131313,210,21,579,675
False,0.05,0.01,200,0.5474747474747474,217,4,596,668
False,0.05,0.01,200,0.5461279461279461,238,27,573,647
False,0.05,0.01,200,0.5454545454545454,229,19,581,656
False,0.05,0.01,200,0.5535353535353535,244,22,578,641
False,0.05,0.01,200,0.5764309764309764,267,11,589,618
False,0.05,0.01,200,0.6013468013468013,303,10,590,582
False,0.05,0.01,200,0.45252525252525255,109,37,563,776
False,0.05,0.01,200,0.5144781144781145,180,16,584,705
False,0.05,0.01,200,0.4821548821548821,150,34,566,735
False,0.05,0.01,200,0.52996632996633,189,2,598,696
False,0.05,0.01,200,0.5757575757575757,282,27,573,603
False,0.05,0.01,200,0.4949494949494949,168,33,567,717
False,0.05,0.01,200,0.4639730639730639,113,24,576,772
False,0.05,0.01,200,0.5447811447811448,214,5,595,671
False,0.05,0.01,200,0.5757575757575757,287,32,568,598
False,0.05,0.01,200,0.6188552188552189,340,21,579,545
False,0.05,0.01,200,0.5037037037037038,174,26,574,711
False,0.05,0.01,200,0.5353535353535354,233,38,562,652
False,0.05,0.01,200,0.5784511784511784,283,24,576,602
False,0.05,0.01,200,0.5306397306397306,200,12,588,685
False,0.05,0.01,200,0.5838383838383838,275,8,592,610
False,0.05,0.01,200,0.5380471380471381,214,15,585,671
False,0.05,0.01,200,0.5925925925925926,289,9,591,596
False,0.05,0.01,200,0.5427609427609428,215,9,591,670
False,0.05,0.01,200,0.531986531986532,198,8,592,687
False,0.05,0.01,200,0.5643097643097643,269,31,569,616
False,0.05,0.01,200,0.52996632996633,198,11,589,687
False,0.05,0.01,200,0.5171717171717172,187,19,581,698
False,0.05,0.01,200,0.567003367003367,257,15,585,628
False,0.05,0.01,200,0.5683501683501684,252,8,592,633
False,0.05,0.01,200,0.5818181818181818,282,18,582,603
False,0.05,0.01,200,0.567003367003367,261,19,581,624
False,0.05,0.01,200,0.5629629629629629,244,8,592,641
False,0.05,0.01,200,0.5286195286195285,211,26,574,674
False,0.05,0.01,200,0.5515151515151515,242,23,577,643
False,0.05,0.01,200,0.5333333333333333,203,11,589,682
False,0.05,0.01,200,0.5481481481481482,221,7,593,664
False,0.05,0.01,200,0.5218855218855218,190,15,585,695
False,0.05,0.01,200,0.5542087542087542,232,9,591,653
False,0.05,0.01,200,0.5582491582491582,251,22,578,634
False,0.05,0.01,200,0.5851851851851853,289,20,580,596
False,0.05,0.01,200,0.5265993265993266,201,19,581,684
False,0.05,0.01,200,0.5542087542087542,228,5,595,657
False,0.05,0.01,200,0.5629629629629629,254,18,582,631
False,0.05,0.01,200,0.5629629629629629,253,17,583,632
False,0.05,0.01,200,0.5892255892255892,293,18,582,592
False,0.05,0.05,200,0.6121212121212121,325,16,584,560
False,0.05,0.05,200,0.5872053872053873,282,10,590,603
False,0.05,0.05,200,0.5232323232323233,211,34,566,674
False,0.05,0.05,200,0.5791245791245792,274,14,586,611
False,0.05,0.05,200,0.5225589225589226,196,20,580,689
False,0.05,0.05,200,0.49764309764309766,152,13,587,733
False,0.05,0.05,200,0.5104377104377105,161,3,597,724
False,0.05,0.05,200,0.48888888888888893,143,17,583,742
False,0.05,0.05,200,0.49696969696969695,148,10,590,737
False,0.05,0.05,200,0.5306397306397306,223,35,565,662
False,0.05,0.05,200,0.5528619528619529,236,15,585,649
False,0.05,0.05,200,0.5447811447811448,213,4,596,672
False,0.05,0.05,200,0.5313131313131313,211,22,578,674
False,0.05,0.05,200,0.5265993265993266,187,5,595,698
False,0.05,0.05,200,0.48417508417508415,129,10,590,756
False,0.05,0.05,200,0.4922558922558923,173,42,558,712
False,0.05,0.05,200,0.5171717171717172,205,37,563,680
False,0.05,0.05,200,0.5622895622895623,265,30,570,620
False,0.05,0.05,200,0.5151515151515151,187,22,578,698
False,0.05,0.05,200,0.6269360269360269,333,2,598,552
False,0.05,0.05,200,0.5272727272727273,201,18,582,684
False,0.05,0.05,200,0.5447811447811448,223,14,586,662
False,0.05,0.05,200,0.567003367003367,251,9,591,634
False,0.05,0.05,200,0.4949494949494949,147,12,588,738
False,0.05,0.05,200,0.6154882154882155,326,12,588,559
False,0.05,0.05,200,0.5360269360269361,221,25,575,664
False,0.05,0.05,200,0.5400673400673401,209,7,593,676
False,0.05,0.05,200,0.5676767676767677,255,12,588,630
False,0.05,0.05,200,0.5932659932659933,290,9,591,595
False,0.05,0.05,200,0.4760942760942761,112,5,595,773
False,0.05,0.05,200,0.5225589225589226,195,19,581,690
False,0.05,0.05,200,0.4612794612794613,124,39,561,761
False,0.05,0.05,200,0.4734006734006734,109,6,594,776
False,0.05,0.05,200,0.5474747474747474,219,6,594,666
False,0.05,0.05,200,0.5777777777777777,263,5,595,622
False,0.05,0.05,200,0.569023569023569,260,15,585,625
False,0.05,0.05,200,0.5494949494949495,240,24,576,645
False,0.05,0.05,200,0.5212121212121212,201,27,573,684
False,0.05,0.05,200,0.48484848484848486,140,20,580,745
False,0.05,0.05,200,0.531986531986532,213,23,577,672
False,0.05,0.05,200,0.4801346801346801,136,23,577,749
False,0.05,0.05,200,0.5037037037037038,180,32,568,705
False,0.05,0.05,200,0.5838383838383838,292,25,575,593
False,0.05,0.05,200,0.5589225589225589,250,20,580,635
False,0.05,0.05,200,0.5400673400673401,217,15,585,668
False,0.05,0.05,200,0.47744107744107744,138,29,571,747
False,0.05,0.05,200,0.5912457912457912,300,22,578,585
False,0.05,0.05,200,0.4760942760942761,133,26,574,752
False,0.05,0.05,200,0.5063973063973064,169,17,583,716
False,0.05,0.05,200,0.5306397306397306,219,31,569,666
False,0.01,0.01,500,0.7239057239057238,505,30,570,380
False,0.01,0.01,500,0.6572390572390572,406,30,570,479
False,0.01,0.01,500,0.7131313131313131,495,36,564,390
False,0.01,0.01,500,0.7508417508417509,544,29,571,341
False,0.01,0.01,500,0.6936026936026936,473,43,557,412
False,0.01,0.01,500,0.6114478114478115,356,48,552,529
False,0.01,0.01,500,0.6821548821548822,458,45,555,427
False,0.01,0.01,500,0.7676767676767677,553,13,587,332
False,0.01,0.01,500,0.6902356902356903,463,38,562,422
False,0.01,0.01,500,0.7393939393939394,522,24,576,363
False,0.01,0.01,500,0.6404040404040404,388,37,563,497
False,0.01,0.01,500,0.6801346801346801,462,52,548,423
False,0.01,0.01,500,0.6693602693602694,435,41,559,450
False,0.01,0.01,500,0.661952861952862,439,56,544,446
False,0.01,0.01,500,0.6505050505050505,416,50,550,469
False,0.01,0.01,500,0.6538720538720539,429,58,542,456
False,0.01,0.01,500,0.7265993265993266,513,34,566,372
False,0.01,0.01,500,0.6747474747474748,431,29,571,454
False,0.01,0.01,500,0.6760942760942761,454,50,550,431
False,0.01,0.01,500,0.661952861952862,421,38,562,464
False,0.01,0.01,500,0.6659932659932659,438,49,551,447
False,0.01,0.01,500,0.7097643097643098,488,34,566,397
False,0.01,0.01,500,0.6525252525252525,406,37,563,479
False,0.01,0.01,500,0.7393939393939394,530,32,568,355
False,0.01,0.01,500,0.668013468013468,428,36,564,457
False,0.01,0.01,500,0.6821548821548822,442,29,571,443
False,0.01,0.01,500,0.7542087542087542,523,3,597,362
False,0.01,0.01,500,0.7400673400673401,519,20,580,366
False,0.01,0.01,500,0.7037037037037037,492,47,553,393
False,0.01,0.01,500,0.7265993265993266,492,13,587,393
False,0.01,0.01,500,0.6855218855218855,441,23,577,444
False,0.01,0.01,500,0.6828282828282828,445,31,569,440
False,0.01,0.01,500,0.6444444444444444,402,45,555,483
False,0.01,0.01,500,0.705050505050505,464,17,583,421
False,0.01,0.01,500,0.698989898989899,470,32,568,415
False,0.01,0.01,500,0.7252525252525253,492,15,585,393
False,0.01,0.01,500,0.6962962962962963,482,48,552,403
False,0.01,0.01,500,0.7063973063973064,469,20,580,416
False,0.01,0.01,500,0.7010101010101011,473,32,568,412
False,0.01,0.01,500,0.6410774410774411,403,51,549,482
False,0.01,0.01,500,0.7427609427609427,525,22,578,360
False,0.01,0.01,500,0.7239057239057238,496,21,579,389
False,0.01,0.01,500,0.6848484848484848,451,34,566,434
False,0.01,0.01,500,0.7057239057239058,469,21,579,416
False,0.01,0.01,500,0.7414141414141414,526,25,575,359
False,0.01,0.01,500,0.6585858585858586,421,43,557,464
False,0.01,0.01,500,0.756902356902357,533,9,591,352
False,0.01,0.01,500,0.7084175084175084,457,5,595,428
False,0.01,0.01,500,0.6693602693602694,442,48,552,443
False,0.01,0.01,500,0.7016835016835017,479,37,563,406
False,0.01,0.05,500,0.7400673400673401,516,17,583,369
False,0.01,0.05,500,0.6585858585858586,422,44,556,463
False,0.01,0.05,500,0.7070707070707071,492,42,558,393
False,0.01,0.05,500,0.6747474747474748,443,41,559,442
False,0.01,0.05,500,0.6484848484848484,405,42,558,480
False,0.01,0.05,500,0.6606060606060606,409,28,572,476
False,0.01,0.05,500,0.6747474747474748,427,25,575,458
False,0.01,0.05,500,0.6835016835016835,433,18,582,452
False,0.01,0.05,500,0.6915824915824915,464,37,563,421
False,0.01,0.05,500,0.7387205387205387,516,19,581,369
False,0.01,0.05,500,0.6909090909090909,479,53,547,406
False,0.01,0.05,500,0.6861952861952862,463,44,556,422
False,0.01,0.05,500,0.6794612794612795,464,55,545,421
False,0.01,0.05,500,0.7434343434343434,529,25,575,356
False,0.01,0.05,500,0.6983164983164983,481,44,556,404
False,0.01,0.05,500,0.6531986531986532,436,66,534,449
False,0.01,0.05,500,0.7070707070707071,473,23,577,412
False,0.01,0.05,500,0.7124579124579125,488,30,570,397
False,0.01,0.05,500,0.694949494949495,472,40,560,413
False,0.01,0.05,500,0.6861952861952862,447,28,572,438
False,0.01,0.05,500,0.6505050505050505,409,43,557,476
False,0.01,0.05,500,0.6848484848484848,459,42,558,426
False,0.01,0.05,500,0.6713804713804714,439,42,558,446
False,0.01,0.05,500,0.7286195286195286,501,19,581,384
False,0.01,0.05,500,0.6754208754208755,425,22,578,460
False,0.01,0.05,500,0.6686868686868687,432,39,561,453
False,0.01,0.05,500,0.6343434343434343,385,43,557,500
False,0.01,0.05,500,0.7501683501683502,522,8,592,363
False,0.01,0.05,500,0.6962962962962963,471,37,563,414
False,0.01,0.05,500,0.6437710437710438,398,42,558,487
False,0.01,0.05,500,0.6471380471380471,397,36,564,488
False,0.01,0.05,500,0.6976430976430976,477,41,559,408
False,0.01,0.05,500,0.6518518518518519,402,34,566,483
False,0.01,0.05,500,0.6404040404040404,400,49,551,485
False,0.01,0.05,500,0.6188552188552189,361,42,558,524
False,0.01,0.05,500,0.6909090909090909,481,55,545,404
False,0.01,0.05,500,0.7010101010101011,465,24,576,420
False,0.01,0.05,500,0.6693602693602694,441,47,553,444
False,0.01,0.05,500,0.6996632996632997,477,38,562,408
False,0.01,0.05,500,0.7218855218855219,503,31,569,382
False,0.01,0.05,500,0.6026936026936027,340,45,555,545
False,0.01,0.05,500,0.6956228956228956,472,39,561,413
False,0.01,0.05,500,0.6296296296296297,383,48,552,502
False,0.01,0.05,500,0.7057239057239058,460,12,588,425
False,0.01,0.05,500,0.6835016835016835,442,27,573,443
False,0.01,0.05,500,0.6828282828282828,464,50,550,421
False,0.01,0.05,500,0.7292929292929293,495,12,588,390
False,0.01,0.05,500,0.7070707070707071,501,51,549,384
False,0.01,0.05,500,0.698989898989899,469,31,569,416
False,0.01,0.05,500,0.6572390572390572,416,40,560,469
False,0.05,0.01,500,0.6727272727272727,432,33,567,453
False,0.05,0.01,500,0.6505050505050505,410,44,556,475
False,0.05,0.01,500,0.6962962962962963,473,39,561,412
False,0.05,0.01,500,0.6841750841750842,438,22,578,447
False,0.05,0.01,500,0.67003367003367,448,53,547,437
False,0.05,0.01,500,0.7333333333333334,511,22,578,374
False,0.05,0.01,500,0.7225589225589226,497,24,576,388
False,0.05,0.01,500,0.703030303030303,489,45,555,396
False,0.05,0.01,500,0.6767676767676767,448,43,557,437
False,0.05,0.01,500,0.6087542087542088,355,51,549,530
False,0.05,0.01,500,0.6835016835016835,463,48,552,422
False,0.05,0.01,500,0.674074074074074,420,19,581,465
False,0.05,0.01,500,0.6579124579124579,417,40,560,468
False,0.05,0.01,500,0.703030303030303,452,8,592,433
False,0.05,0.01,500,0.6882154882154883,446,24,576,439
False,0.05,0.01,500,0.6942760942760943,451,20,580,434
False,0.05,0.01,500,0.6134680134680135,372,61,539,513
False,0.05,0.01,500,0.6417508417508417,396,43,557,489
False,0.05,0.01,500,0.7023569023569023,460,17,583,425
False,0.05,0.01,500,0.6814814814814815,450,38,562,435
False,0.05,0.01,500,0.7791245791245791,558,1,599,327
False,0.05,0.01,500,0.7016835016835017,487,45,555,398
False,0.05,0.01,500,0.6835016835016835,448,33,567,437
False,0.05,0.01,500,0.7427609427609427,539,36,564,346
False,0.05,0.01,500,0.7346801346801346,517,26,574,368
False,0.05,0.01,500,0.7164983164983165,490,26,574,395
False,0.05,0.01,500,0.6868686868686869,442,22,578,443
False,0.05,0.01,500,0.7373737373737373,497,2,598,388
False,0.05,0.01,500,0.7158249158249158,477,14,586,408
False,0.05,0.01,500,0.6693602693602694,436,42,558,449
False,0.05,0.01,500,0.7144781144781145,505,44,556,380
False,0.05,0.01,500,0.6888888888888889,455,32,568,430
False,0.05,0.01,500,0.6336700336700336,401,60,540,484
False,0.05,0.01,500,0.692929292929293,480,51,549,405
False,0.05,0.01,500,0.6363636363636364,396,51,549,489
False,0.05,0.01,500,0.7084175084175084,489,37,563,396
False,0.05,0.01,500,0.6397306397306397,396,46,554,489
False,0.05,0.01,500,0.6774410774410775,421,15,585,464
False,0.05,0.01,500,0.7259259259259259,502,24,576,383
False,0.05,0.01,500,0.6983164983164983,480,43,557,405
False,0.05,0.01,500,0.6121212121212121,358,49,551,527
False,0.05,0.01,500,0.7414141414141414,532,31,569,353
False,0.05,0.01,500,0.703030303030303,486,42,558,399
False,0.05,0.01,500,0.5831649831649832,313,47,553,572
False,0.05,0.01,500,0.694949494949495,465,33,567,420
False,0.05,0.01,500,0.7164983164983165,475,11,589,410
False,0.05,0.01,500,0.6808080808080808,449,38,562,436
False,0.05,0.01,500,0.7259259259259259,481,3,597,404
False,0.05,0.01,500,0.674074074074074,430,29,571,455
False,0.05,0.01,500,0.6437710437710438,413,57,543,472
False,0.05,0.05,500,0.7521885521885522,529,12,588,356
False,0.05,0.05,500,0.6727272727272727,441,42,558,444
False,0.05,0.05,500,0.6498316498316499,398,33,567,487
False,0.05,0.05,500,0.6538720538720539,406,35,565,479
False,0.05,0.05,500,0.6707070707070707,435,39,561,450
False,0.05,0.05,500,0.7090909090909091,483,30,570,402
False,0.05,0.05,500,0.7057239057239058,483,35,565,402
False,0.05,0.05,500,0.6996632996632997,489,50,550,396
False,0.05,0.05,500,0.7299663299663299,520,36,564,365
False,0.05,0.05,500,0.5784511784511784,312,53,547,573
False,0.05,0.05,500,0.655892255892256,408,34,566,477
False,0.05,0.05,500,0.7111111111111111,492,36,564,393
False,0.05,0.05,500,0.694949494949495,461,29,571,424
False,0.05,0.05,500,0.6801346801346801,432,22,578,453
False,0.05,0.05,500,0.6841750841750842,453,37,563,432
False,0.05,0.05,500,0.7259259259259259,513,35,565,372
False,0.05,0.05,500,0.6397306397306397,394,44,556,491
False,0.05,0.05,500,0.6606060606060606,429,48,552,456
False,0.05,0.05,500,0.7010101010101011,473,32,568,412
False,0.05,0.05,500,0.6855218855218855,463,45,555,422
False,0.05,0.05,500,0.6734006734006734,449,49,551,436
False,0.05,0.05,500,0.6828282828282828,464,50,550,421
False,0.05,0.05,500,0.6599326599326599,418,38,562,467
False,0.05,0.05,500,0.6410774410774411,401,49,551,484
False,0.05,0.05,500,0.7097643097643098,497,43,557,388
False,0.05,0.05,500,0.655892255892256,426,52,548,459
False,0.05,0.05,500,0.692929292929293,449,20,580,436
False,0.05,0.05,500,0.6363636363636364,348,3,597,537
False,0.05,0.05,500,0.6646464646464647,427,40,560,458
False,0.05,0.05,500,0.6767676767676767,442,37,563,443
False,0.05,0.05,500,0.6942760942760943,476,45,555,409
False,0.05,0.05,500,0.655892255892256,426,52,548,459
False,0.05,0.05,500,0.6808080808080808,444,33,567,441
False,0.05,0.05,500,0.6821548821548822,445,32,568,440
False,0.05,0.05,500,0.5878787878787879,308,35,565,577
False,0.05,0.05,500,0.6383838383838384,386,38,562,499
False,0.05,0.05,500,0.6451178451178451,388,30,570,497
False,0.05,0.05,500,0.6599326599326599,400,20,580,485
False,0.05,0.05,500,0.6545454545454545,413,41,559,472
False,0.05,0.05,500,0.7447811447811448,533,27,573,352
False,0.05,0.05,500,0.7131313131313131,477,18,582,408
False,0.05,0.05,500,0.6282828282828283,342,9,591,543
False,0.05,0.05,500,0.6794612794612795,457,48,552,428
False,0.05,0.05,500,0.5973063973063972,332,45,555,553
False,0.05,0.05,500,0.7299663299663299,507,23,577,378
False,0.05,0.05,500,0.6727272727272727,443,44,556,442
False,0.05,0.05,500,0.7218855218855219,516,44,556,369
False,0.05,0.05,500,0.6255892255892256,374,45,555,511
False,0.05,0.05,500,0.6882154882154883,455,33,567,430
False,0.05,0.05,500,0.6861952861952862,463,44,556,422
False,0.01,0.01,1000,0.7548821548821549,572,51,549,313
False,0.01,0.01,1000,0.731986531986532,543,56,544,342
False,0.01,0.01,1000,0.7656565656565657,583,46,554,302
False,0.01,0.01,1000,0.7097643097643098,521,67,533,364
False,0.01,0.01,1000,0.7239057239057238,540,65,535,345
False,0.01,0.01,1000,0.7286195286195286,542,60,540,343
False,0.01,0.01,1000,0.767003367003367,575,36,564,310
False,0.01,0.01,1000,0.7548821548821549,559,38,562,326
False,0.01,0.01,1000,0.7454545454545455,563,56,544,322
False,0.01,0.01,1000,0.7757575757575758,587,35,565,298
False,0.01,0.01,1000,0.7387205387205387,548,51,549,337
False,0.01,0.01,1000,0.7367003367003366,550,56,544,335
False,0.01,0.01,1000,0.7299663299663299,543,59,541,342
False,0.01,0.01,1000,0.7272727272727273,544,64,536,341
False,0.01,0.01,1000,0.736026936026936,551,58,542,334
False,0.01,0.01,1000,0.7400673400673401,549,50,550,336
False,0.01,0.01,1000,0.7104377104377104,523,68,532,362
False,0.01,0.01,1000,0.7138047138047139,519,59,541,366
False,0.01,0.01,1000,0.7723905723905724,603,56,544,282
False,0.01,0.01,1000,0.7171717171717171,524,59,541,361
False,0.01,0.01,1000,0.7535353535353535,575,56,544,310
False,0.01,0.01,1000,0.7461279461279462,559,51,549,326
False,0.01,0.01,1000,0.7744107744107744,595,45,555,290
False,0.01,0.01,1000,0.7508417508417509,567,52,548,318
False,0.01,0.01,1000,0.7205387205387206,528,58,542,357
False,0.01,0.01,1000,0.7703703703703704,581,37,563,304
False,0.01,0.01,1000,0.762962962962963,574,41,559,311
False,0.01,0.01,1000,0.7198653198653199,542,73,527,343
False,0.01,0.01,1000,0.7239057239057238,530,55,545,355
False,0.01,0.01,1000,0.7016835016835017,525,83,517,360
False,0.01,0.01,1000,0.696969696969697,498,63,537,387
False,0.01,0.01,1000,0.7144781144781145,521,60,540,364
False,0.01,0.01,1000,0.7292929292929293,528,45,555,357
False,0.01,0.01,1000,0.7481481481481482,555,44,556,330
False,0.01,0.01,1000,0.7528619528619529,569,51,549,316
False,0.01,0.01,1000,0.703030303030303,504,60,540,381
False,0.01,0.01,1000,0.7434343434343434,563,59,541,322
False,0.01,0.01,1000,0.7434343434343434,557,53,547,328
False,0.01,0.01,1000,0.7481481481481482,553,42,558,332
False,0.01,0.01,1000,0.7185185185185186,530,63,537,355
False,0.01,0.01,1000,0.7562289562289563,579,56,544,306
False,0.01,0.01,1000,0.7845117845117845,591,26,574,294
False,0.01,0.01,1000,0.7070707070707071,519,69,531,366
False,0.01,0.01,1000,0.6787878787878787,488,80,520,397
False,0.01,0.01,1000,0.7804713804713805,599,40,560,286
False,0.01,0.01,1000,0.6767676767676767,468,63,537,417
False,0.01,0.01,1000,0.7663299663299663,582,44,556,303
False,0.01,0.01,1000,0.7663299663299663,565,27,573,320
False,0.01,0.01,1000,0.731986531986532,541,54,546,344
False,0.01,0.01,1000,0.7158249158249158,525,62,538,360
False,0.01,0.05,1000,0.7427609427609427,560,57,543,325
False,0.01,0.05,1000,0.7851851851851852,593,27,573,292
False,0.01,0.05,1000,0.7616161616161616,577,46,554,308
False,0.01,0.05,1000,0.6875420875420876,486,65,535,399
False,0.01,0.05,1000,0.7420875420875421,556,54,546,329
False,0.01,0.05,1000,0.7070707070707071,514,64,536,371
False,0.01,0.05,1000,0.7198653198653199,530,61,539,355
False,0.01,0.05,1000,0.7346801346801346,548,57,543,337
False,0.01,0.05,1000,0.7717171717171717,564,18,582,321
False,0.01,0.05,1000,0.7299663299663299,543,59,541,342
False,0.01,0.05,1000,0.7488215488215488,571,59,541,314
False,0.01,0.05,1000,0.7198653198653199,527,58,542,358
False,0.01,0.05,1000,0.7232323232323232,535,61,539,350
False,0.01,0.05,1000,0.7481481481481482,554,43,557,331
False,0.01,0.05,1000,0.7427609427609427,553,50,550,332
False,0.01,0.05,1000,0.7595959595959596,564,36,564,321
False,0.01,0.05,1000,0.7272727272727273,541,61,539,344
False,0.01,0.05,1000,0.7535353535353535,572,53,547,313
False,0.01,0.05,1000,0.7393939393939394,553,55,545,332
False,0.01,0.05,1000,0.7306397306397306,544,59,541,341
False,0.01,0.05,1000,0.7057239057239058,515,67,533,370
False,0.01,0.05,1000,0.7468013468013468,562,53,547,323
False,0.01,0.05,1000,0.7447811447811448,553,47,553,332
False,0.01,0.05,1000,0.7420875420875421,562,60,540,323
False,0.01,0.05,1000,0.775084175084175,561,10,590,324
False,0.01,0.05,1000,0.7023569023569023,502,59,541,383
False,0.01,0.05,1000,0.7656565656565657,580,43,557,305
False,0.01,0.05,1000,0.7676767676767677,583,43,557,302
False,0.01,0.05,1000,0.7784511784511785,586,30,570,299
False,0.01,0.05,1000,0.7737373737373737,598,49,551,287
False,0.01,0.05,1000,0.7542087542087542,565,45,555,320
False,0.01,0.05,1000,0.8161616161616162,631,19,581,254
False,0.01,0.05,1000,0.7016835016835017,509,67,533,376
False,0.01,0.05,1000,0.7589225589225589,576,49,551,309
False,0.01,0.05,1000,0.769023569023569,586,44,556,299
False,0.01,0.05,1000,0.6861952861952862,487,68,532,398
False,0.01,0.05,1000,0.7225589225589226,532,59,541,353
False,0.01,0.05,1000,0.773063973063973,581,33,567,304
False,0.01,0.05,1000,0.7461279461279462,563,55,545,322
False,0.01,0.05,1000,0.7178451178451178,526,60,540,359
False,0.01,0.05,1000,0.7676767676767677,586,46,554,299
False,0.01,0.05,1000,0.7656565656565657,584,47,553,301
False,0.01,0.05,1000,0.7481481481481482,556,45,555,329
False,0.01,0.05,1000,0.764983164983165,579,43,557,306
False,0.01,0.05,1000,0.7521885521885522,566,49,551,319
False,0.01,0.05,1000,0.7885521885521886,590,19,581,295
False,0.01,0.05,1000,0.7676767676767677,578,38,562,307
False,0.01,0.05,1000,0.7367003367003366,554,60,540,331
False,0.01,0.05,1000,0.7447811447811448,575,69,531,310
False,0.01,0.05,1000,0.7723905723905724,594,47,553,291
False,0.05,0.01,1000,0.756902356902357,582,58,542,303
False,0.05,0.01,1000,0.773063973063973,596,48,552,289
False,0.05,0.01,1000,0.6909090909090909,488,62,538,397
False,0.05,0.01,1000,0.6996632996632997,496,57,543,389
False,0.05,0.01,1000,0.731986531986532,539,52,548,346
False,0.05,0.01,1000,0.7494949494949494,557,44,556,328
False,0.05,0.01,1000,0.7077441077441078,505,54,546,380
False,0.05,0.01,1000,0.7508417508417509,564,49,551,321
False,0.05,0.01,1000,0.7488215488215488,564,52,548,321
False,0.05,0.01,1000,0.7582491582491583,571,45,555,314
False,0.05,0.01,1000,0.7575757575757576,561,36,564,324
False,0.05,0.01,1000,0.674074074074074,481,80,520,404
False,0.05,0.01,1000,0.7582491582491583,567,41,559,318
False,0.05,0.01,1000,0.7481481481481482,567,56,544,318
False,0.05,0.01,1000,0.7535353535353535,563,44,556,322
False,0.05,0.01,1000,0.762962962962963,585,52,548,300
False,0.05,0.01,1000,0.7057239057239058,513,65,535,372
False,0.05,0.01,1000,0.7589225589225589,579,52,548,306
False,0.05,0.01,1000,0.7616161616161616,579,48,552,306
False,0.05,0.01,1000,0.6956228956228956,512,79,521,373
False,0.05,0.01,1000,0.7414141414141414,559,58,542,326
False,0.05,0.01,1000,0.7542087542087542,575,55,545,310
False,0.05,0.01,1000,0.7191919191919192,530,62,538,355
False,0.05,0.01,1000,0.6713804713804714,485,88,512,400
False,0.05,0.01,1000,0.7259259259259259,536,58,542,349
False,0.05,0.01,1000,0.7333333333333334,531,42,558,354
False,0.05,0.01,1000,0.7643097643097643,576,41,559,309
False,0.05,0.01,1000,0.7151515151515151,513,51,549,372
False,0.05,0.01,1000,0.7602693602693602,576,47,553,309
False,0.05,0.01,1000,0.7892255892255893,606,34,566,279
False,0.05,0.01,1000,0.7555555555555555,558,36,564,327
False,0.05,0.01,1000,0.7225589225589226,538,65,535,347
False,0.05,0.01,1000,0.7427609427609427,558,55,545,327
False,0.05,0.01,1000,0.7117845117845119,520,63,537,365
False,0.05,0.01,1000,0.7299663299663299,550,66,534,335
False,0.05,0.01,1000,0.7272727272727273,541,61,539,344
False,0.05,0.01,1000,0.7151515151515151,522,60,540,363
False,0.05,0.01,1000,0.7656565656565657,585,48,552,300
False,0.05,0.01,1000,0.756902356902357,561,37,563,324
False,0.05,0.01,1000,0.7494949494949494,557,44,556,328
False,0.05,0.01,1000,0.7784511784511785,579,23,577,306
False,0.05,0.01,1000,0.7016835016835017,507,65,535,378
False,0.05,0.01,1000,0.703030303030303,511,67,533,374
False,0.05,0.01,1000,0.7696969696969697,583,40,560,302
False,0.05,0.01,1000,0.7265993265993266,535,56,544,350
False,0.05,0.01,1000,0.7090909090909091,515,62,538,370
False,0.05,0.01,1000,0.7164983164983165,523,59,541,362
False,0.05,0.01,1000,0.7784511784511785,603,47,553,282
False,0.05,0.01,1000,0.7252525252525253,535,58,542,350
False,0.05,0.01,1000,0.7494949494949494,566,53,547,319
False,0.05,0.05,1000,0.7333333333333334,550,61,539,335
False,0.05,0.05,1000,0.6801346801346801,471,61,539,414
False,0.05,0.05,1000,0.7151515151515151,531,69,531,354
False,0.05,0.05,1000,0.705050505050505,509,62,538,376
False,0.05,0.05,1000,0.7663299663299663,580,42,558,305
False,0.05,0.05,1000,0.7468013468013468,570,61,539,315
False,0.05,0.05,1000,0.7535353535353535,568,49,551,317
False,0.05,0.05,1000,0.7138047138047139,523,63,537,362
False,0.05,0.05,1000,0.7057239057239058,533,85,515,352
False,0.05,0.05,1000,0.7447811447811448,561,55,545,324
False,0.05,0.05,1000,0.7010101010101011,505,64,536,380
False,0.05,0.05,1000,0.705050505050505,507,60,540,378
False,0.05,0.05,1000,0.771043771043771,584,39,561,301
False,0.05,0.05,1000,0.7158249158249158,543,80,520,342
False,0.05,0.05,1000,0.661952861952862,480,97,503,405
False,0.05,0.05,1000,0.7259259259259259,553,75,525,332
False,0.05,0.05,1000,0.7575757575757576,564,39,561,321
False,0.05,0.05,1000,0.7286195286195286,536,54,546,349
False,0.05,0.05,1000,0.6222222222222222,474,150,450,411
False,0.05,0.05,1000,0.703030303030303,509,65,535,376
False,0.05,0.05,1000,0.7757575757575758,594,42,558,291
False,0.05,0.05,1000,0.7272727272727273,531,51,549,354
False,0.05,0.05,1000,0.7400673400673401,542,43,557,343
False,0.05,0.05,1000,0.7299663299663299,550,66,534,335
False,0.05,0.05,1000,0.7144781144781145,515,54,546,370
False,0.05,0.05,1000,0.7239057239057238,524,49,551,361
False,0.05,0.05,1000,0.7548821548821549,571,50,550,314
False,0.05,0.05,1000,0.694949494949495,510,78,522,375
False,0.05,0.05,1000,0.7286195286195286,529,47,553,356
False,0.05,0.05,1000,0.7259259259259259,527,49,551,358
False,0.05,0.05,1000,0.7622895622895622,573,41,559,312
False,0.05,0.05,1000,0.7616161616161616,577,46,554,308
False,0.05,0.05,1000,0.7474747474747474,586,76,524,299
False,0.05,0.05,1000,0.7299663299663299,526,42,558,359
False,0.05,0.05,1000,0.6976430976430976,520,84,516,365
False,0.05,0.05,1000,0.7622895622895622,570,38,562,315
False,0.05,0.05,1000,0.7259259259259259,530,52,548,355
False,0.05,0.05,1000,0.7225589225589226,520,47,553,365
False,0.05,0.05,1000,0.6848484848484848,467,50,550,418
False,0.05,0.05,1000,0.7131313131313131,523,64,536,362
False,0.05,0.05,1000,0.7508417508417509,558,43,557,327
False,0.05,0.05,1000,0.7508417508417509,569,54,546,316
False,0.05,0.05,1000,0.7414141414141414,561,60,540,324
False,0.05,0.05,1000,0.7225589225589226,538,65,535,347
False,0.05,0.05,1000,0.6754208754208755,475,72,528,410
False,0.05,0.05,1000,0.7380471380471381,555,59,541,330
False,0.05,0.05,1000,0.7616161616161616,574,43,557,311
False,0.05,0.05,1000,0.7447811447811448,561,55,545,324
False,0.05,0.05,1000,0.8067340067340067,602,4,596,283
False,0.05,0.05,1000,0.7178451178451178,514,48,552,371
False,0.01,0.01,2000,0.7683501683501683,600,59,541,285
False,0.01,0.01,2000,0.767003367003367,605,66,534,280
False,0.01,0.01,2000,0.7542087542087542,590,70,530,295
False,0.01,0.01,2000,0.7811447811447811,624,64,536,261
False,0.01,0.01,2000,0.7737373737373737,611,62,538,274
False,0.01,0.01,2000,0.7804713804713805,615,56,544,270
False,0.01,0.01,2000,0.7912457912457913,633,58,542,252
False,0.01,0.01,2000,0.8006734006734006,640,51,549,245
False,0.01,0.01,2000,0.7508417508417509,581,66,534,304
False,0.01,0.01,2000,0.7589225589225589,591,64,536,294
False,0.01,0.01,2000,0.771043771043771,613,68,532,272
False,0.01,0.01,2000,0.7717171717171717,617,71,529,268
False,0.01,0.01,2000,0.795959595959596,644,62,538,241
False,0.01,0.01,2000,0.7952861952861953,633,52,548,252
False,0.01,0.01,2000,0.7784511784511785,629,73,527,256
False,0.01,0.01,2000,0.7582491582491583,602,76,524,283
False,0.01,0.01,2000,0.7919191919191919,633,57,543,252
False,0.01,0.01,2000,0.7865319865319865,637,69,531,248
False,0.01,0.01,2000,0.7521885521885522,587,70,530,298
False,0.01,0.01,2000,0.7851851851851852,614,48,552,271
False,0.01,0.01,2000,0.7872053872053872,611,42,558,274
False,0.01,0.01,2000,0.7831649831649832,627,64,536,258
False,0.01,0.01,2000,0.7447811447811448,573,67,533,312
False,0.01,0.01,2000,0.7912457912457913,634,59,541,251
False,0.01,0.01,2000,0.7562289562289563,589,66,534,296
False,0.01,0.01,2000,0.7804713804713805,625,66,534,260
False,0.01,0.01,2000,0.7784511784511785,617,61,539,268
False,0.01,0.01,2000,0.7616161616161616,595,64,536,290
False,0.01,0.01,2000,0.7542087542087542,584,64,536,301
False,0.01,0.01,2000,0.7845117845117845,647,82,518,238
False,0.01,0.01,2000,0.7771043771043771,619,65,535,266
False,0.01,0.01,2000,0.8047138047138047,652,57,543,233
False,0.01,0.01,2000,0.7986531986531986,640,54,546,245
False,0.01,0.01,2000,0.7845117845117845,628,63,537,257
False,0.01,0.01,2000,0.762962962962963,595,62,538,290
False,0.01,0.01,2000,0.7966329966329966,646,63,537,239
False,0.01,0.01,2000,0.7986531986531986,653,67,533,232
False,0.01,0.01,2000,0.8026936026936027,650,58,542,235
False,0.01,0.01,2000,0.7912457912457913,636,61,539,249
False,0.01,0.01,2000,0.7831649831649832,627,64,536,258
False,0.01,0.01,2000,0.7771043771043771,614,60,540,271
False,0.01,0.01,2000,0.7784511784511785,625,69,531,260
False,0.01,0.01,2000,0.7703703703703704,606,62,538,279
False,0.01,0.01,2000,0.7757575757575758,609,57,543,276
False,0.01,0.01,2000,0.7622895622895622,603,71,529,282
False,0.01,0.01,2000,0.7919191919191919,639,63,537,246
False,0.01,0.01,2000,0.7185185185185186,531,64,536,354
False,0.01,0.01,2000,0.7764309764309765,603,50,550,282
False,0.01,0.01,2000,0.7898989898989899,639,66,534,246
False,0.01,0.01,2000,0.7885521885521886,632,61,539,253
False,0.01,0.05,2000,0.793939393939394,649,70,530,236
False,0.01,0.05,2000,0.7898989898989899,641,68,532,244
False,0.01,0.05,2000,0.7616161616161616,609,78,522,276
False,0.01,0.05,2000,0.7757575757575758,616,64,536,269
False,0.01,0.05,2000,0.769023569023569,610,68,532,275
False,0.01,0.05,2000,0.7609427609427609,597,67,533,288
False,0.01,0.05,2000,0.7777777777777778,612,57,543,273
False,0.01,0.05,2000,0.8107744107744108,655,51,549,230
False,0.01,0.05,2000,0.7892255892255893,629,57,543,256
False,0.01,0.05,2000,0.7824915824915825,622,60,540,263
False,0.01,0.05,2000,0.7784511784511785,617,61,539,268
False,0.01,0.05,2000,0.8276094276094276,660,31,569,225
False,0.01,0.05,2000,0.7636363636363637,600,66,534,285
False,0.01,0.05,2000,0.7905723905723906,630,56,544,255
False,0.01,0.05,2000,0.7912457912457913,636,61,539,249
False,0.01,0.05,2000,0.8,648,60,540,237
False,0.01,0.05,2000,0.7993265993265993,642,55,545,243
False,0.01,0.05,2000,0.7757575757575758,610,58,542,275
False,0.01,0.05,2000,0.8047138047138047,649,54,546,236
False,0.01,0.05,2000,0.7845117845117845,631,66,534,254
False,0.01,0.05,2000,0.7656565656565657,610,73,527,275
False,0.01,0.05,2000,0.7905723905723906,637,63,537,248
False,0.01,0.05,2000,0.7892255892255893,630,58,542,255
False,0.01,0.05,2000,0.8074074074074074,656,57,543,229
False,0.01,0.05,2000,0.7508417508417509,579,64,536,306
False,0.01,0.05,2000,0.7757575757575758,618,66,534,267
False,0.01,0.05,2000,0.771043771043771,604,59,541,281
False,0.01,0.05,2000,0.7542087542087542,584,64,536,301
False,0.01,0.05,2000,0.793939393939394,634,55,545,251
False,0.01,0.05,2000,0.762962962962963,592,59,541,293
False,0.01,0.05,2000,0.7966329966329966,646,63,537,239
False,0.01,0.05,2000,0.7932659932659932,637,59,541,248
False,0.01,0.05,2000,0.7851851851851852,619,53,547,266
False,0.01,0.05,2000,0.7481481481481482,577,66,534,308
False,0.01,0.05,2000,0.7946127946127945,631,51,549,254
False,0.01,0.05,2000,0.8175084175084175,648,34,566,237
False,0.01,0.05,2000,0.7744107744107744,618,68,532,267
False,0.01,0.05,2000,0.7447811447811448,588,82,518,297
False,0.01,0.05,2000,0.8202020202020202,666,48,552,219
False,0.01,0.05,2000,0.8006734006734006,646,57,543,239
False,0.01,0.05,2000,0.7703703703703704,604,60,540,281
False,0.01,0.05,2000,0.7946127946127945,644,64,536,241
False,0.01,0.05,2000,0.7858585858585858,622,55,545,263
False,0.01,0.05,2000,0.7595959595959596,588,60,540,297
False,0.01,0.05,2000,0.7542087542087542,587,67,533,298
False,0.01,0.05,2000,0.7986531986531986,643,57,543,242
False,0.01,0.05,2000,0.7515151515151515,572,56,544,313
False,0.01,0.05,2000,0.7872053872053872,632,63,537,253
False,0.01,0.05,2000,0.8161616161616162,661,49,551,224
False,0.01,0.05,2000,0.7663299663299663,595,57,543,290
False,0.05,0.01,2000,0.7696969696969697,624,81,519,261
False,0.05,0.01,2000,0.7622895622895622,592,60,540,293
False,0.05,0.01,2000,0.7609427609427609,610,80,520,275
False,0.05,0.01,2000,0.756902356902357,593,69,531,292
False,0.05,0.01,2000,0.731986531986532,556,69,531,329
False,0.05,0.01,2000,0.7818181818181819,632,71,529,253
False,0.05,0.01,2000,0.7797979797979798,624,66,534,261
False,0.05,0.01,2000,0.7791245791245791,612,55,545,273
False,0.05,0.01,2000,0.8094276094276094,650,48,552,235
False,0.05,0.01,2000,0.7737373737373737,590,41,559,295
False,0.05,0.01,2000,0.7865319865319865,650,82,518,235
False,0.05,0.01,2000,0.7804713804713805,626,67,533,259
False,0.05,0.01,2000,0.795959595959596,648,66,534,237
False,0.05,0.01,2000,0.7925925925925926,638,61,539,247
False,0.05,0.01,2000,0.7811447811447811,614,54,546,271
False,0.05,0.01,2000,0.7912457912457913,639,64,536,246
False,0.05,0.01,2000,0.7744107744107744,613,63,537,272
False,0.05,0.01,2000,0.7656565656565657,606,69,531,279
False,0.05,0.01,2000,0.771043771043771,612,67,533,273
False,0.05,0.01,2000,0.7494949494949494,581,68,532,304
False,0.05,0.01,2000,0.7602693602693602,593,64,536,292
False,0.05,0.01,2000,0.7090909090909091,533,80,520,352
False,0.05,0.01,2000,0.767003367003367,602,63,537,283
False,0.05,0.01,2000,0.7616161616161616,596,65,535,289
False,0.05,0.01,2000,0.7555555555555555,586,64,536,299
False,0.05,0.01,2000,0.7643097643097643,593,58,542,292
False,0.05,0.01,2000,0.7811447811447811,613,53,547,272
False,0.05,0.01,2000,0.7548821548821549,595,74,526,290
False,0.05,0.01,2000,0.8087542087542088,649,48,552,236
False,0.05,0.01,2000,0.7912457912457913,641,66,534,244
False,0.05,0.01,2000,0.8134680134680135,671,63,537,214
False,0.05,0.01,2000,0.7777777777777778,610,55,545,275
False,0.05,0.01,2000,0.7757575757575758,619,67,533,266
False,0.05,0.01,2000,0.7744107744107744,611,61,539,274
False,0.05,0.01,2000,0.7932659932659932,644,66,534,241
False,0.05,0.01,2000,0.7501683501683502,586,72,528,299
False,0.05,0.01,2000,0.7737373737373737,613,64,536,272
False,0.05,0.01,2000,0.7771043771043771,614,60,540,271
False,0.05,0.01,2000,0.7683501683501683,606,65,535,279
False,0.05,0.01,2000,0.7663299663299663,612,74,526,273
False,0.05,0.01,2000,0.7811447811447811,609,49,551,276
False,0.05,0.01,2000,0.7757575757575758,607,55,545,278
False,0.05,0.01,2000,0.734006734006734,560,70,530,325
False,0.05,0.01,2000,0.7508417508417509,581,66,534,304
False,0.05,0.01,2000,0.7400673400673401,569,70,530,316
False,0.05,0.01,2000,0.7676767676767677,602,62,538,283
False,0.05,0.01,2000,0.8020202020202021,657,66,534,228
False,0.05,0.01,2000,0.793939393939394,638,59,541,247
False,0.05,0.01,2000,0.7811447811447811,626,66,534,259
False,0.05,0.01,2000,0.7973063973063973,648,64,536,237
False,0.05,0.05,2000,0.771043771043771,610,65,535,275
False,0.05,0.05,2000,0.7898989898989899,636,63,537,249
False,0.05,0.05,2000,0.7973063973063973,647,63,537,238
False,0.05,0.05,2000,0.7643097643097643,604,69,531,281
False,0.05,0.05,2000,0.7589225589225589,610,83,517,275
False,0.05,0.05,2000,0.7144781144781145,574,113,487,311
False,0.05,0.05,2000,0.7151515151515151,597,135,465,288
False,0.05,0.05,2000,0.7966329966329966,637,54,546,248
False,0.05,0.05,2000,0.7602693602693602,585,56,544,300
False,0.05,0.05,2000,0.7373737373737373,588,93,507,297
False,0.05,0.05,2000,0.7656565656565657,603,66,534,282
False,0.05,0.05,2000,0.7898989898989899,648,75,525,237
False,0.05,0.05,2000,0.7602693602693602,582,53,547,303
False,0.05,0.05,2000,0.7872053872053872,625,56,544,260
False,0.05,0.05,2000,0.7602693602693602,625,96,504,260
False,0.05,0.05,2000,0.7784511784511785,622,66,534,263
False,0.05,0.05,2000,0.7757575757575758,619,67,533,266
False,0.05,0.05,2000,0.7851851851851852,630,64,536,255
False,0.05,0.05,2000,0.7845117845117845,628,63,537,257
False,0.05,0.05,2000,0.7885521885521886,643,72,528,242
False,0.05,0.05,2000,0.7218855218855219,544,72,528,341
False,0.05,0.05,2000,0.7898989898989899,633,60,540,252
False,0.05,0.05,2000,0.7380471380471381,606,110,490,279
False,0.05,0.05,2000,0.8087542087542088,652,51,549,233
False,0.05,0.05,2000,0.7548821548821549,596,75,525,289
False,0.05,0.05,2000,0.7676767676767677,616,76,524,269
False,0.05,0.05,2000,0.7521885521885522,604,87,513,281
False,0.05,0.05,2000,0.7818181818181819,622,61,539,263
False,0.05,0.05,2000,0.7286195286195286,546,64,536,339
False,0.05,0.05,2000,0.7838383838383838,631,67,533,254
False,0.05,0.05,2000,0.8,633,45,555,252
False,0.05,0.05,2000,0.7427609427609427,598,95,505,287
False,0.05,0.05,2000,0.7589225589225589,591,64,536,294
False,0.05,0.05,2000,0.7797979797979798,607,49,551,278
False,0.05,0.05,2000,0.7454545454545455,593,86,514,292
False,0.05,0.05,2000,0.7824915824915825,623,61,539,262
False,0.05,0.05,2000,0.7434343434343434,570,66,534,315
False,0.05,0.05,2000,0.7737373737373737,616,67,533,269
False,0.05,0.05,2000,0.7757575757575758,631,79,521,254
False,0.05,0.05,2000,0.775084175084175,617,66,534,268
False,0.05,0.05,2000,0.764983164983165,610,74,526,275
False,0.05,0.05,2000,0.767003367003367,613,74,526,272
False,0.05,0.05,2000,0.7535353535353535,580,61,539,305
False,0.05,0.05,2000,0.7299663299663299,552,68,532,333
False,0.05,0.05,2000,0.7845117845117845,644,79,521,241
False,0.05,0.05,2000,0.7703703703703704,620,76,524,265
False,0.05,0.05,2000,0.7434343434343434,573,69,531,312
False,0.05,0.05,2000,0.7771043771043771,620,66,534,265
False,0.05,0.05,2000,0.736026936026936,599,106,494,286
False,0.05,0.05,2000,0.7771043771043771,618,64,536,267
False,0.01,0.01,10000,0.7986531986531986,651,65,535,234
False,0.01,0.01,10000,0.8,653,65,535,232
False,0.01,0.01,10000,0.8107744107744108,669,65,535,216
False,0.01,0.01,10000,0.8074074074074074,666,67,533,219
False,0.01,0.01,10000,0.795959595959596,656,74,526,229
False,0.01,0.01,10000,0.771043771043771,612,67,533,273
False,0.01,0.01,10000,0.804040404040404,664,70,530,221
False,0.01,0.01,10000,0.8080808080808081,666,66,534,219
False,0.01,0.01,10000,0.8094276094276094,666,64,536,219
False,0.01,0.01,10000,0.7952861952861953,651,70,530,234
False,0.01,0.01,10000,0.8006734006734006,666,77,523,219
False,0.01,0.01,10000,0.8013468013468014,660,70,530,225
False,0.01,0.01,10000,0.8053872053872053,669,73,527,216
False,0.01,0.01,10000,0.7723905723905724,614,67,533,271
False,0.01,0.01,10000,0.8148148148148149,681,71,529,204
False,0.01,0.01,10000,0.8114478114478114,669,64,536,216
False,0.01,0.01,10000,0.8087542087542088,672,71,529,213
False,0.01,0.01,10000,0.8067340067340067,666,68,532,219
False,0.01,0.01,10000,0.8080808080808081,665,65,535,220
False,0.01,0.01,10000,0.806060606060606,669,72,528,216
False,0.01,0.01,10000,0.8141414141414142,672,63,537,213
False,0.01,0.01,10000,0.8067340067340067,667,69,531,218
False,0.01,0.01,10000,0.8053872053872053,665,69,531,220
False,0.01,0.01,10000,0.8080808080808081,668,68,532,217
False,0.01,0.01,10000,0.8101010101010101,669,66,534,216
False,0.01,0.01,10000,0.8,652,64,536,233
False,0.01,0.01,10000,0.7973063973063973,651,67,533,234
False,0.01,0.01,10000,0.7986531986531986,653,67,533,232
False,0.01,0.01,10000,0.8067340067340067,666,68,532,219
False,0.01,0.01,10000,0.7973063973063973,651,67,533,234
False,0.01,0.01,10000,0.7966329966329966,651,68,532,234
False,0.01,0.01,10000,0.795959595959596,655,73,527,230
False,0.01,0.01,10000,0.8080808080808081,668,68,532,217
False,0.01,0.01,10000,0.806060606060606,661,64,536,224
False,0.01,0.01,10000,0.8006734006734006,657,68,532,228
False,0.01,0.01,10000,0.8087542087542088,667,66,534,218
False,0.01,0.01,10000,0.8094276094276094,666,64,536,219
False,0.01,0.01,10000,0.8154882154882155,677,66,534,208
False,0.01,0.01,10000,0.7993265993265993,654,67,533,231
False,0.01,0.01,10000,0.8033670033670034,669,76,524,216
False,0.01,0.01,10000,0.7851851851851852,641,75,525,244
False,0.01,0.01,10000,0.8,653,65,535,232
False,0.01,0.01,10000,0.7952861952861953,661,80,520,224
False,0.01,0.01,10000,0.8067340067340067,670,72,528,215
False,0.01,0.01,10000,0.8094276094276094,666,64,536,219
False,0.01,0.01,10000,0.8094276094276094,666,64,536,219
False,0.01,0.01,10000,0.8033670033670034,669,76,524,216
False,0.01,0.01,10000,0.8013468013468014,660,70,530,225
False,0.01,0.01,10000,0.8020202020202021,658,67,533,227
False,0.01,0.01,10000,0.8053872053872053,663,67,533,222
False,0.01,0.05,10000,0.797979797979798,652,67,533,233
False,0.01,0.05,10000,0.8047138047138047,669,74,526,216
False,0.01,0.05,10000,0.8020202020202021,655,64,536,230
False,0.01,0.05,10000,0.7993265993265993,652,65,535,233
False,0.01,0.05,10000,0.8094276094276094,666,64,536,219
False,0.01,0.05,10000,0.804040404040404,667,73,527,218
False,0.01,0.05,10000,0.806060606060606,666,69,531,219
False,0.01,0.05,10000,0.806060606060606,671,74,526,214
False,0.01,0.05,10000,0.8053872053872053,664,68,532,221
False,0.01,0.05,10000,0.806060606060606,666,69,531,219
False,0.01,0.05,10000,0.8101010101010101,669,66,534,216
False,0.01,0.05,10000,0.8094276094276094,668,66,534,217
False,0.01,0.05,10000,0.804040404040404,663,69,531,222
False,0.01,0.05,10000,0.8094276094276094,667,65,535,218
False,0.01,0.05,10000,0.8067340067340067,669,71,529,216
False,0.01,0.05,10000,0.8026936026936027,669,77,523,216
False,0.01,0.05,10000,0.8053872053872053,669,73,527,216
False,0.01,0.05,10000,0.7966329966329966,659,76,524,226
False,0.01,0.05,10000,0.8026936026936027,663,71,529,222
False,0.01,0.05,10000,0.8,652,64,536,233
False,0.01,0.05,10000,0.8080808080808081,668,68,532,217
False,0.01,0.05,10000,0.8094276094276094,669,67,533,216
False,0.01,0.05,10000,0.8013468013468014,655,65,535,230
False,0.01,0.05,10000,0.8094276094276094,667,65,535,218
False,0.01,0.05,10000,0.8094276094276094,666,64,536,219
False,0.01,0.05,10000,0.804040404040404,666,72,528,219
False,0.01,0.05,10000,0.806060606060606,661,64,536,224
False,0.01,0.05,10000,0.8074074074074074,667,68,532,218
False,0.01,0.05,10000,0.8087542087542088,667,66,534,218
False,0.01,0.05,10000,0.8094276094276094,668,66,534,217
False,0.01,0.05,10000,0.8013468013468014,656,66,534,229
False,0.01,0.05,10000,0.8047138047138047,668,73,527,217
False,0.01,0.05,10000,0.8074074074074074,665,66,534,220
False,0.01,0.05,10000,0.8006734006734006,659,70,530,226
False,0.01,0.05,10000,0.8114478114478114,675,70,530,210
False,0.01,0.05,10000,0.8006734006734006,667,78,522,218
False,0.01,0.05,10000,0.8161616161616162,677,65,535,208
False,0.01,0.05,10000,0.804040404040404,658,64,536,227
False,0.01,0.05,10000,0.8080808080808081,668,68,532,217
False,0.01,0.05,10000,0.8013468013468014,666,76,524,219
False,0.01,0.05,10000,0.8087542087542088,666,65,535,219
False,0.01,0.05,10000,0.8,662,74,526,223
False,0.01,0.05,10000,0.8026936026936027,665,73,527,220
False,0.01,0.05,10000,0.8020202020202021,665,74,526,220
False,0.01,0.05,10000,0.8080808080808081,665,65,535,220
False,0.01,0.05,10000,0.8094276094276094,669,67,533,216
False,0.01,0.05,10000,0.8013468013468014,658,68,532,227
False,0.01,0.05,10000,0.797979797979798,650,65,535,235
False,0.01,0.05,10000,0.7973063973063973,653,69,531,232
False,0.01,0.05,10000,0.8080808080808081,669,69,531,216
False,0.05,0.01,10000,0.8047138047138047,681,86,514,204
False,0.05,0.01,10000,0.8282828282828283,698,68,532,187
False,0.05,0.01,10000,0.7932659932659932,662,84,516,223
False,0.05,0.01,10000,0.806060606060606,666,69,531,219
False,0.05,0.01,10000,0.8202020202020202,678,60,540,207
False,0.05,0.01,10000,0.8,687,99,501,198
False,0.05,0.01,10000,0.8377104377104377,709,65,535,176
False,0.05,0.01,10000,0.8047138047138047,703,108,492,182
False,0.05,0.01,10000,0.8107744107744108,669,65,535,216
False,0.05,0.01,10000,0.8202020202020202,688,70,530,197
False,0.05,0.01,10000,0.7993265993265993,706,119,481,179
False,0.05,0.01,10000,0.8013468013468014,681,91,509,204
False,0.05,0.01,10000,0.7905723905723906,651,77,523,234
False,0.05,0.01,10000,0.8,668,80,520,217
False,0.05,0.01,10000,0.7912457912457913,669,94,506,216
False,0.05,0.01,10000,0.8013468013468014,672,82,518,213
False,0.05,0.01,10000,0.8107744107744108,669,65,535,216
False,0.05,0.01,10000,0.7898989898989899,705,132,468,180
False,0.05,0.01,10000,0.8067340067340067,666,68,532,219
False,0.05,0.01,10000,0.8053872053872053,662,66,534,223
False,0.05,0.01,10000,0.8074074074074074,666,67,533,219
False,0.05,0.01,10000,0.8006734006734006,662,73,527,223
False,0.05,0.01,10000,0.8127946127946128,683,76,524,202
False,0.05,0.01,10000,0.7838383838383838,701,137,463,184
False,0.05,0.01,10000,0.7885521885521886,652,81,519,233
False,0.05,0.01,10000,0.7973063973063973,657,73,527,228
False,0.05,0.01,10000,0.8006734006734006,656,67,533,229
False,0.05,0.01,10000,0.8134680134680135,686,78,522,199
False,0.05,0.01,10000,0.8047138047138047,660,65,535,225
False,0.05,0.01,10000,0.8020202020202021,656,65,535,229
False,0.05,0.01,10000,0.8121212121212121,683,77,523,202
False,0.05,0.01,10000,0.8121212121212121,677,71,529,208
False,0.05,0.01,10000,0.8067340067340067,672,74,526,213
False,0.05,0.01,10000,0.8053872053872053,667,71,529,218
False,0.05,0.01,10000,0.8101010101010101,667,64,536,218
False,0.05,0.01,10000,0.7885521885521886,678,107,493,207
False,0.05,0.01,10000,0.8074074074074074,666,67,533,219
False,0.05,0.01,10000,0.7858585858585858,638,71,529,247
False,0.05,0.01,10000,0.8033670033670034,677,84,516,208
False,0.05,0.01,10000,0.8141414141414142,685,76,524,200
False,0.05,0.01,10000,0.7986531986531986,668,82,518,217
False,0.05,0.01,10000,0.8020202020202021,667,76,524,218
False,0.05,0.01,10000,0.8080808080808081,671,71,529,214
False,0.05,0.01,10000,0.8006734006734006,667,78,522,218
False,0.05,0.01,10000,0.7946127946127945,675,95,505,210
False,0.05,0.01,10000,0.8087542087542088,670,69,531,215
False,0.05,0.01,10000,0.7784511784511785,667,111,489,218
False,0.05,0.01,10000,0.806060606060606,663,66,534,222
False,0.05,0.01,10000,0.8127946127946128,671,64,536,214
False,0.05,0.01,10000,0.8114478114478114,673,68,532,212
False,0.05,0.05,10000,0.8356902356902357,738,97,503,147
False,0.05,0.05,10000,0.7845117845117845,716,151,449,169
False,0.05,0.05,10000,0.8390572390572391,736,90,510,149
False,0.05,0.05,10000,0.8080808080808081,712,112,488,173
False,0.05,0.05,10000,0.8047138047138047,698,103,497,187
False,0.05,0.05,10000,0.7683501683501683,722,181,419,163
False,0.05,0.05,10000,0.8168350168350168,704,91,509,181
False,0.05,0.05,10000,0.8383838383838383,709,64,536,176
False,0.05,0.05,10000,0.8047138047138047,681,86,514,204
False,0.05,0.05,10000,0.7602693602693602,751,222,378,134
False,0.05,0.05,10000,0.8087542087542088,673,72,528,212
False,0.05,0.05,10000,0.7986531986531986,652,66,534,233
False,0.05,0.05,10000,0.8168350168350168,677,64,536,208
False,0.05,0.05,10000,0.7696969696969697,687,144,456,198
False,0.05,0.05,10000,0.7441077441077442,680,175,425,205
False,0.05,0.05,10000,0.7878787878787878,700,130,470,185
False,0.05,0.05,10000,0.7723905723905724,661,114,486,224
False,0.05,0.05,10000,0.8020202020202021,657,66,534,228
False,0.05,0.05,10000,0.7400673400673401,703,204,396,182
False,0.05,0.05,10000,0.8020202020202021,689,98,502,196
False,0.05,0.05,10000,0.8094276094276094,683,81,519,202
False,0.05,0.05,10000,0.8013468013468014,737,147,453,148
False,0.05,0.05,10000,0.8181818181818181,706,91,509,179
False,0.05,0.05,10000,0.8202020202020202,694,76,524,191
False,0.05,0.05,10000,0.7744107744107744,654,104,496,231
False,0.05,0.05,10000,0.7494949494949494,654,141,459,231
False,0.05,0.05,10000,0.8410774410774411,714,65,535,171
False,0.05,0.05,10000,0.7784511784511785,722,166,434,163
False,0.05,0.05,10000,0.7912457912457913,676,101,499,209
False,0.05,0.05,10000,0.8026936026936027,810,218,382,75
False,0.05,0.05,10000,0.7535353535353535,713,194,406,172
False,0.05,0.05,10000,0.7919191919191919,649,73,527,236
False,0.05,0.05,10000,0.8148148148148149,684,74,526,201
False,0.05,0.05,10000,0.7973063973063973,724,140,460,161
False,0.05,0.05,10000,0.767003367003367,744,205,395,141
False,0.05,0.05,10000,0.7501683501683502,664,150,450,221
False,0.05,0.05,10000,0.8215488215488216,733,113,487,152
False,0.05,0.05,10000,0.8087542087542088,672,71,529,213
False,0.05,0.05,10000,0.7609427609427609,714,184,416,171
False,0.05,0.05,10000,0.7764309764309765,724,171,429,161
False,0.05,0.05,10000,0.7851851851851852,771,205,395,114
False,0.05,0.05,10000,0.8127946127946128,740,133,467,145
False,0.05,0.05,10000,0.8033670033670034,658,65,535,227
False,0.05,0.05,10000,0.8303030303030303,708,75,525,177
False,0.05,0.05,10000,0.7912457912457913,664,89,511,221
False,0.05,0.05,10000,0.7616161616161616,741,210,390,144
False,0.05,0.05,10000,0.7872053872053872,682,113,487,203
False,0.05,0.05,10000,0.8188552188552188,685,69,531,200
False,0.05,0.05,10000,0.7925925925925926,660,83,517,225
False,0.05,0.05,10000,0.7892255892255893,760,188,412,125
True,0,0,200,0.5804713804713805,273,11,589,612
True,0,0,200,0.5427609427609428,241,35,565,644
True,0,0,200,0.5400673400673401,229,27,573,656
True,0,0,200,0.5326599326599326,197,6,594,688
True,0,0,200,0.47070707070707074,102,3,597,783
True,0,0,200,0.5185185185185186,171,1,599,714
True,0,0,200,0.6269360269360269,340,9,591,545
True,0,0,200,0.5239057239057239,218,40,560,667
True,0,0,200,0.5764309764309764,275,19,581,610
True,0,0,200,0.6161616161616161,344,29,571,541
True,0,0,200,0.5454545454545454,217,7,593,668
True,0,0,200,0.5272727272727273,201,18,582,684
True,0,0,200,0.5824915824915825,268,3,597,617
True,0,0,200,0.5885521885521885,277,3,597,608
True,0,0,200,0.5414141414141413,236,32,568,649
True,0,0,200,0.571043771043771,249,1,599,636
True,0,0,200,0.5333333333333333,224,32,568,661
True,0,0,200,0.5286195286195285,202,17,583,683
True,0,0,200,0.6235690235690236,331,5,595,554
True,0,0,200,0.5636363636363637,260,23,577,625
True,0,0,200,0.5077441077441077,184,30,570,701
True,0,0,200,0.5346801346801346,229,35,565,656
True,0,0,200,0.6094276094276094,326,21,579,559
True,0,0,200,0.6235690235690236,346,20,580,539
True,0,0,200,0.5400673400673401,206,4,596,679
True,0,0,200,0.4942760942760943,148,14,586,737
True,0,0,200,0.534006734006734,243,50,550,642
True,0,0,200,0.5272727272727273,193,10,590,692
True,0,0,200,0.5144781144781145,198,34,566,687
True,0,0,200,0.5744107744107745,266,13,587,619
True,0,0,200,0.5696969696969697,287,41,559,598
True,0,0,200,0.5757575757575757,271,16,584,614
True,0,0,200,0.5542087542087542,257,34,566,628
True,0,0,200,0.498989898989899,159,18,582,726
True,0,0,200,0.6195286195286196,340,20,580,545
True,0,0,200,0.5589225589225589,256,26,574,629
True,0,0,200,0.6195286195286196,336,16,584,549
True,0,0,200,0.5643097643097643,247,9,591,638
True,0,0,200,0.5562289562289562,227,1,599,658
True,0,0,200,0.498989898989899,170,29,571,715
True,0,0,200,0.5501683501683502,252,35,565,633
True,0,0,200,0.5232323232323233,196,19,581,689
True,0,0,200,0.6033670033670033,305,9,591,580
True,0,0,200,0.569023569023569,278,33,567,607
True,0,0,200,0.4794612794612795,143,31,569,742
True,0,0,200,0.52996632996633,207,20,580,678
True,0,0,200,0.5097643097643098,177,20,580,708
True,0,0,200,0.5784511784511784,283,24,576,602
True,0,0,200,0.49562289562289563,159,23,577,726
True,0,0,200,0.5158249158249157,193,27,573,692
True,0.1,0,200,0.6175084175084176,322,5,595,563
True,0.1,0,200,0.567003367003367,271,29,571,614
True,0.1,0,200,0.6033670033670033,314,18,582,571
True,0.1,0,200,0.5515151515151515,242,23,577,643
True,0.1,0,200,0.61010101010101,318,12,588,567
True,0.1,0,200,0.5562289562289562,272,46,554,613
True,0.1,0,200,0.5595959595959596,249,18,582,636
True,0.1,0,200,0.6215488215488216,328,5,595,557
True,0.1,0,200,0.5178451178451178,187,18,582,698
True,0.1,0,200,0.5420875420875421,235,30,570,650
True,0.1,0,200,0.5077441077441077,179,25,575,706
True,0.1,0,200,0.5925925925925926,292,12,588,593
True,0.1,0,200,0.5777777777777777,278,20,580,607
True,0.1,0,200,0.6417508417508417,376,23,577,509
True,0.1,0,200,0.5245791245791246,194,15,585,691
True,0.1,0,200,0.5784511784511784,276,17,583,609
True,0.1,0,200,0.49629629629629635,163,26,574,722
True,0.1,0,200,0.6053872053872054,312,13,587,573
True,0.1,0,200,0.501010101010101,173,29,571,712
True,0.1,0,200,0.4929292929292929,172,40,560,713
True,0.1,0,200,0.5757575757575757,268,13,587,617
True,0.1,0,200,0.5548821548821549,238,14,586,647
True,0.1,0,200,0.5346801346801346,232,38,562,653
True,0.1,0,200,0.6094276094276094,333,28,572,552
True,0.1,0,200,0.5434343434343434,221,14,586,664
True,0.1,0,200,0.5616161616161617,255,21,579,630
True,0.1,0,200,0.5272727272727273,203,20,580,682
True,0.1,0,200,0.5831649831649832,274,8,592,611
True,0.1,0,200,0.45925925925925926,125,43,557,760
True,0.1,0,200,0.5858585858585859,295,25,575,590
True,0.1,0,200,0.503030303030303,177,30,570,708
True,0.1,0,200,0.5124579124579125,191,30,570,694
True,0.1,0,200,0.6276094276094276,347,15,585,538
True,0.1,0,200,0.5818181818181818,281,17,583,604
True,0.1,0,200,0.5528619528619529,248,27,573,637
True,0.1,0,200,0.5872053872053873,297,25,575,588
True,0.1,0,200,0.5252525252525253,200,20,580,685
True,0.1,0,200,0.6148148148148148,319,6,594,566
True,0.1,0,200,0.5696969696969697,260,14,586,625
True,0.1,0,200,0.6195286195286196,361,41,559,524
True,0.1,0,200,0.5481481481481482,222,8,592,663
True,0.1,0,200,0.5245791245791246,208,29,571,677
True,0.1,0,200,0.5252525252525253,183,3,597,702
True,0.1,0,200,0.5441077441077441,220,12,588,665
True,0.1,0,200,0.5696969696969697,254,8,592,631
True,0.1,0,200,0.5548821548821549,259,35,565,626
True,0.1,0,200,0.6491582491582492,365,1,599,520
True,0.1,0,200,0.5528619528619529,250,29,571,635
True,0.1,0,200,0.5858585858585859,306,36,564,579
True,0.1,0,200,0.5851851851851853,290,21,579,595
True,0.05,0,200,0.5279461279461279,212,28,572,673
True,0.05,0,200,0.5595959595959596,265,34,566,620
True,0.05,0,200,0.5063973063973064,177,25,575,708
True,0.05,0,200,0.509090909090909,179,23,577,706
True,0.05,0,200,0.6141414141414141,334,22,578,551
True,0.05,0,200,0.6383838383838384,373,25,575,512
True,0.05,0,200,0.5057239057239058,182,31,569,703
True,0.05,0,200,0.6377104377104377,356,9,591,529
True,0.05,0,200,0.5643097643097643,251,13,587,634
True,0.05,0,200,0.5602693602693603,260,28,572,625
True,0.05,0,200,0.5744107744107745,292,39,561,593
True,0.05,0,200,0.5569023569023569,260,33,567,625
True,0.05,0,200,0.5434343434343434,225,18,582,660
True,0.05,0,200,0.52996632996633,202,15,585,683
True,0.05,0,200,0.47744107744107744,152,43,557,733
True,0.05,0,200,0.5656565656565656,249,9,591,636
True,0.05,0,200,0.602020202020202,305,11,589,580
True,0.05,0,200,0.5946127946127946,306,23,577,579
True,0.05,0,200,0.5555555555555556,255,30,570,630
True,0.05,0,200,0.591919191919192,303,24,576,582
True,0.05,0,200,0.5771043771043771,284,27,573,601
True,0.05,0,200,0.5144781144781145,184,20,580,701
True,0.05,0,200,0.5582491582491582,250,21,579,635
True,0.05,0,200,0.5097643097643098,198,41,559,687
True,0.05,0,200,0.593939393939394,297,15,585,588
True,0.05,0,200,0.5259259259259259,217,36,564,668
True,0.05,0,200,0.6067340067340068,317,16,584,568
True,0.05,0,200,0.5185185185185186,200,30,570,685
True,0.05,0,200,0.5306397306397306,215,27,573,670
True,0.05,0,200,0.5292929292929294,206,20,580,679
True,0.05,0,200,0.6599326599326599,389,9,591,496
True,0.05,0,200,0.5696969696969697,304,58,542,581
True,0.05,0,200,0.6047138047138048,306,8,592,579
True,0.05,0,200,0.5663299663299664,255,14,586,630
True,0.05,0,200,0.5851851851851853,290,21,579,595
True,0.05,0,200,0.5461279461279461,230,19,581,655
True,0.05,0,200,0.5205387205387205,210,37,563,675
True,0.05,0,200,0.5528619528619529,223,2,598,662
True,0.05,0,200,0.5818181818181818,285,21,579,600
True,0.05,0,200,0.5797979797979798,288,27,573,597
True,0.05,0,200,0.5225589225589226,184,8,592,701
True,0.05,0,200,0.6181818181818182,333,15,585,552
True,0.05,0,200,0.5461279461279461,252,41,559,633
True,0.05,0,200,0.5898989898989899,284,8,592,601
True,0.05,0,200,0.5717171717171717,249,0,600,636
True,0.05,0,200,0.5158249158249157,188,22,578,697
True,0.05,0,200,0.5023569023569023,167,21,579,718
True,0.05,0,200,0.5575757575757576,245,17,583,640
True,0.05,0,200,0.6531986531986532,389,19,581,496
True,0.05,0,200,0.5259259259259259,217,36,564,668
True,0,0,500,0.7010101010101011,476,35,565,409
True,0,0,500,0.7252525252525253,503,26,574,382
True,0,0,500,0.6936026936026936,465,35,565,420
True,0,0,500,0.7441077441077442,523,18,582,362
True,0,0,500,0.7043771043771043,495,49,551,390
True,0,0,500,0.6659932659932659,418,29,571,467
True,0,0,500,0.7205387205387206,497,27,573,388
True,0,0,500,0.7090909090909091,480,27,573,405
True,0,0,500,0.6747474747474748,456,54,546,429
True,0,0,500,0.6821548821548822,450,37,563,435
True,0,0,500,0.7131313131313131,486,27,573,399
True,0,0,500,0.7057239057239058,487,39,561,398
True,0,0,500,0.6942760942760943,473,42,558,412
True,0,0,500,0.7286195286195286,506,24,576,379
True,0,0,500,0.7063973063973064,490,41,559,395
True,0,0,500,0.6478114478114478,411,49,551,474
True,0,0,500,0.7117845117845119,498,41,559,387
True,0,0,500,0.7124579124579125,485,27,573,400
True,0,0,500,0.7057239057239058,483,35,565,402
True,0,0,500,0.7043771043771043,469,23,577,416
True,0,0,500,0.7063973063973064,490,41,559,395
True,0,0,500,0.6983164983164983,476,39,561,409
True,0,0,500,0.6956228956228956,474,41,559,411
True,0,0,500,0.6983164983164983,478,41,559,407
True,0,0,500,0.7232323232323232,493,19,581,392
True,0,0,500,0.6983164983164983,479,42,558,406
True,0,0,500,0.7265993265993266,529,50,550,356
True,0,0,500,0.6659932659932659,435,46,554,450
True,0,0,500,0.6956228956228956,462,29,571,423
True,0,0,500,0.698989898989899,484,46,554,401
True,0,0,500,0.6936026936026936,467,37,563,418
True,0,0,500,0.6491582491582492,409,45,555,476
True,0,0,500,0.6531986531986532,404,34,566,481
True,0,0,500,0.7010101010101011,472,31,569,413
True,0,0,500,0.6599326599326599,422,42,558,463
True,0,0,500,0.6276094276094276,381,49,551,504
True,0,0,500,0.635016835016835,391,48,552,494
True,0,0,500,0.7353535353535354,527,35,565,358
True,0,0,500,0.6592592592592592,425,46,554,460
True,0,0,500,0.7212121212121212,489,18,582,396
True,0,0,500,0.7003367003367003,478,38,562,407
True,0,0,500,0.672053872053872,450,52,548,435
True,0,0,500,0.731986531986532,508,21,579,377
True,0,0,500,0.6915824915824915,472,45,555,413
True,0,0,500,0.6841750841750842,463,47,553,422
True,0,0,500,0.6552188552188551,418,45,555,467
True,0,0,500,0.6673400673400673,459,68,532,426
True,0,0,500,0.7239057239057238,514,39,561,371
True,0,0,500,0.6653198653198653,441,53,547,444
True,0,0,500,0.6909090909090909,469,43,557,416
True,0.1,0,500,0.6909090909090909,463,37,563,422
True,0.1,0,500,0.6922558922558922,475,47,553,410
True,0.1,0,500,0.6841750841750842,459,43,557,426
True,0.1,0,500,0.6579124579124579,412,35,565,473
True,0.1,0,500,0.7239057239057238,514,39,561,371
True,0.1,0,500,0.7117845117845119,481,24,576,404
True,0.1,0,500,0.6747474747474748,454,52,548,431
True,0.1,0,500,0.7481481481481482,542,31,569,343
True,0.1,0,500,0.6404040404040404,406,55,545,479
True,0.1,0,500,0.696969696969697,470,35,565,415
True,0.1,0,500,0.6666666666666667,430,40,560,455
True,0.1,0,500,0.7434343434343434,521,17,583,364
True,0.1,0,500,0.6585858585858586,413,35,565,472
True,0.1,0,500,0.6909090909090909,465,39,561,420
True,0.1,0,500,0.6983164983164983,488,51,549,397
True,0.1,0,500,0.7205387205387206,499,29,571,386
True,0.1,0,500,0.6424242424242423,399,45,555,486
True,0.1,0,500,0.6727272727272727,445,46,554,440
True,0.1,0,500,0.6781144781144781,468,61,539,417
True,0.1,0,500,0.674074074074074,454,53,547,431
True,0.1,0,500,0.6659932659932659,434,45,555,451
True,0.1,0,500,0.6875420875420876,462,41,559,423
True,0.1,0,500,0.7333333333333334,509,20,580,376
True,0.1,0,500,0.7232323232323232,503,29,571,382
True,0.1,0,500,0.6868686868686869,466,46,554,419
True,0.1,0,500,0.6855218855218855,468,50,550,417
True,0.1,0,500,0.7191919191919192,504,36,564,381
True,0.1,0,500,0.696969696969697,473,38,562,412
True,0.1,0,500,0.5973063973063972,355,68,532,530
True,0.1,0,500,0.6895622895622895,476,52,548,409
True,0.1,0,500,0.694949494949495,461,29,571,424
True,0.1,0,500,0.6747474747474748,440,38,562,445
True,0.1,0,500,0.6383838383838384,392,44,556,493
True,0.1,0,500,0.7171717171717171,479,14,586,406
True,0.1,0,500,0.6632996632996633,431,46,554,454
True,0.1,0,500,0.6956228956228956,447,14,586,438
True,0.1,0,500,0.6828282828282828,463,49,551,422
True,0.1,0,500,0.7521885521885522,522,5,595,363
True,0.1,0,500,0.7218855218855219,494,22,578,391
True,0.1,0,500,0.6410774410774411,413,61,539,472
True,0.1,0,500,0.6794612794612795,445,36,564,440
True,0.1,0,500,0.7084175084175084,488,36,564,397
True,0.1,0,500,0.6565656565656566,404,29,571,481
True,0.1,0,500,0.6821548821548822,445,32,568,440
True,0.1,0,500,0.6505050505050505,442,76,524,443
True,0.1,0,500,0.7239057239057238,498,23,577,387
True,0.1,0,500,0.7090909090909091,499,46,554,386
True,0.1,0,500,0.6942760942760943,466,35,565,419
True,0.1,0,500,0.6538720538720539,424,53,547,461
True,0.1,0,500,0.6781144781144781,428,21,579,457
True,0.05,0,500,0.7218855218855219,497,25,575,388
True,0.05,0,500,0.6478114478114478,395,33,567,490
True,0.05,0,500,0.6774410774410775,462,56,544,423
True,0.05,0,500,0.6599326599326599,415,35,565,470
True,0.05,0,500,0.6909090909090909,468,42,558,417
True,0.05,0,500,0.6383838383838384,409,61,539,476
True,0.05,0,500,0.696969696969697,462,27,573,423
True,0.05,0,500,0.6235690235690236,383,57,543,502
True,0.05,0,500,0.6915824915824915,469,42,558,416
True,0.05,0,500,0.5973063973063972,332,45,555,553
True,0.05,0,500,0.6814814814814815,450,38,562,435
True,0.05,0,500,0.7279461279461279,502,21,579,383
True,0.05,0,500,0.7434343434343434,537,33,567,348
True,0.05,0,500,0.6545454545454545,425,53,547,460
True,0.05,0,500,0.7367003367003366,531,37,563,354
True,0.05,0,500,0.6956228956228956,470,37,563,415
True,0.05,0,500,0.6734006734006734,443,43,557,442
True,0.05,0,500,0.7037037037037037,477,32,568,408
True,0.05,0,500,0.7400673400673401,529,30,570,356
True,0.05,0,500,0.6417508417508417,409,56,544,476
True,0.05,0,500,0.692929292929293,466,37,563,419
True,0.05,0,500,0.6774410774410775,447,41,559,438
True,0.05,0,500,0.6632996632996633,426,41,559,459
True,0.05,0,500,0.6848484848484848,451,34,566,434
True,0.05,0,500,0.6902356902356903,458,33,567,427
True,0.05,0,500,0.6821548821548822,451,38,562,434
True,0.05,0,500,0.6922558922558922,474,46,554,411
True,0.05,0,500,0.7239057239057238,511,36,564,374
True,0.05,0,500,0.7016835016835017,467,25,575,418
True,0.05,0,500,0.6215488215488216,382,59,541,503
True,0.05,0,500,0.694949494949495,471,39,561,414
True,0.05,0,500,0.6047138047138048,348,50,550,537
True,0.05,0,500,0.7023569023569023,484,41,559,401
True,0.05,0,500,0.703030303030303,479,35,565,406
True,0.05,0,500,0.6855218855218855,462,44,556,423
True,0.05,0,500,0.6188552188552189,367,48,552,518
True,0.05,0,500,0.7037037037037037,491,46,554,394
True,0.05,0,500,0.6814814814814815,446,34,566,439
True,0.05,0,500,0.6693602693602694,444,50,550,441
True,0.05,0,500,0.5993265993265993,342,52,548,543
True,0.05,0,500,0.7023569023569023,491,48,552,394
True,0.05,0,500,0.6222222222222222,352,28,572,533
True,0.05,0,500,0.6828282828282828,452,38,562,433
True,0.05,0,500,0.7131313131313131,483,24,576,402
True,0.05,0,500,0.6606060606060606,428,47,553,457
True,0.05,0,500,0.7292929292929293,501,18,582,384
True,0.05,0,500,0.7063973063973064,495,46,554,390
True,0.05,0,500,0.6269360269360269,395,64,536,490
True,0.05,0,500,0.7414141414141414,520,19,581,365
True,0.05,0,500,0.5993265993265993,342,52,548,543
True,0,0,1000,0.7488215488215488,563,51,549,322
True,0,0,1000,0.7144781144781145,522,61,539,363
True,0,0,1000,0.7151515151515151,529,67,533,356
True,0,0,1000,0.7589225589225589,567,40,560,318
True,0,0,1000,0.762962962962963,583,50,550,302
True,0,0,1000,0.7535353535353535,570,51,549,315
True,0,0,1000,0.7306397306397306,545,60,540,340
True,0,0,1000,0.7663299663299663,586,48,552,299
True,0,0,1000,0.7521885521885522,567,50,550,318
True,0,0,1000,0.7696969696969697,585,42,558,300
True,0,0,1000,0.6828282828282828,470,56,544,415
True,0,0,1000,0.7400673400673401,555,56,544,330
True,0,0,1000,0.7784511784511785,563,7,593,322
True,0,0,1000,0.7562289562289563,563,40,560,322
True,0,0,1000,0.764983164983165,551,15,585,334
True,0,0,1000,0.7138047138047139,521,61,539,364
True,0,0,1000,0.7656565656565657,556,19,581,329
True,0,0,1000,0.7784511784511785,607,51,549,278
True,0,0,1000,0.7131313131313131,516,57,543,369
True,0,0,1000,0.7131313131313131,525,66,534,360
True,0,0,1000,0.7272727272727273,534,54,546,351
True,0,0,1000,0.7723905723905724,586,39,561,299
True,0,0,1000,0.7380471380471381,551,55,545,334
True,0,0,1000,0.7097643097643098,517,63,537,368
True,0,0,1000,0.764983164983165,593,57,543,292
True,0,0,1000,0.7757575757575758,600,48,552,285
True,0,0,1000,0.7468013468013468,555,46,554,330
True,0,0,1000,0.8080808080808081,613,13,587,272
True,0,0,1000,0.6848484848484848,480,63,537,405
True,0,0,1000,0.7528619528619529,570,52,548,315
True,0,0,1000,0.7191919191919192,526,58,542,359
True,0,0,1000,0.7407407407407407,553,53,547,332
True,0,0,1000,0.734006734006734,549,59,541,336
True,0,0,1000,0.7468013468013468,572,63,537,313
True,0,0,1000,0.7380471380471381,554,58,542,331
True,0,0,1000,0.7494949494949494,549,36,564,336
True,0,0,1000,0.7481481481481482,566,55,545,319
True,0,0,1000,0.7434343434343434,539,35,565,346
True,0,0,1000,0.7542087542087542,567,47,553,318
True,0,0,1000,0.7151515151515151,527,65,535,358
True,0,0,1000,0.7279461279461279,545,64,536,340
True,0,0,1000,0.7265993265993266,537,58,542,348
True,0,0,1000,0.7474747474747474,564,54,546,321
True,0,0,1000,0.7488215488215488,567,55,545,318
True,0,0,1000,0.7744107744107744,595,45,555,290
True,0,0,1000,0.7535353535353535,557,38,562,328
True,0,0,1000,0.7973063973063973,600,16,584,285
True,0,0,1000,0.696969696969697,511,76,524,374
True,0,0,1000,0.7454545454545455,561,54,546,324
True,0,0,1000,0.7104377104377104,514,59,541,371
True,0.1,0,1000,0.7447811447811448,565,59,541,320
True,0.1,0,1000,0.7461279461279462,564,56,544,321
True,0.1,0,1000,0.7138047138047139,523,63,537,362
True,0.1,0,1000,0.7696969696969697,581,38,562,304
True,0.1,0,1000,0.7407407407407407,551,51,549,334
True,0.1,0,1000,0.762962962962963,570,37,563,315
True,0.1,0,1000,0.7535353535353535,568,49,551,317
True,0.1,0,1000,0.7387205387205387,546,49,551,339
True,0.1,0,1000,0.7198653198653199,531,62,538,354
True,0.1,0,1000,0.7703703703703704,593,49,551,292
True,0.1,0,1000,0.7158249158249158,522,59,541,363
True,0.1,0,1000,0.7158249158249158,525,62,538,360
True,0.1,0,1000,0.698989898989899,511,73,527,374
True,0.1,0,1000,0.6565656565656566,451,76,524,434
True,0.1,0,1000,0.7501683501683502,577,63,537,308
True,0.1,0,1000,0.7245791245791247,554,78,522,331
True,0.1,0,1000,0.7616161616161616,578,47,553,307
True,0.1,0,1000,0.7622895622895622,575,43,557,310
True,0.1,0,1000,0.7292929292929293,536,53,547,349
True,0.1,0,1000,0.7508417508417509,571,56,544,314
True,0.1,0,1000,0.7400673400673401,548,49,551,337
True,0.1,0,1000,0.7164983164983165,510,46,554,375
True,0.1,0,1000,0.7407407407407407,557,57,543,328
True,0.1,0,1000,0.6794612794612795,485,76,524,400
True,0.1,0,1000,0.7744107744107744,583,33,567,302
True,0.1,0,1000,0.7225589225589226,537,64,536,348
True,0.1,0,1000,0.7306397306397306,546,61,539,339
True,0.1,0,1000,0.7777777777777778,598,43,557,287
True,0.1,0,1000,0.7131313131313131,524,65,535,361
True,0.1,0,1000,0.7353535353535354,549,57,543,336
True,0.1,0,1000,0.8026936026936027,612,20,580,273
True,0.1,0,1000,0.734006734006734,548,58,542,337
True,0.1,0,1000,0.6767676767676767,467,62,538,418
True,0.1,0,1000,0.6962962962962963,498,64,536,387
True,0.1,0,1000,0.7414141414141414,556,55,545,329
True,0.1,0,1000,0.7454545454545455,569,62,538,316
True,0.1,0,1000,0.773063973063973,578,30,570,307
True,0.1,0,1000,0.7589225589225589,580,53,547,305
True,0.1,0,1000,0.7299663299663299,536,52,548,349
True,0.1,0,1000,0.7272727272727273,546,66,534,339
True,0.1,0,1000,0.7158249158249158,534,71,529,351
True,0.1,0,1000,0.762962962962963,577,44,556,308
True,0.1,0,1000,0.7138047138047139,520,60,540,365
True,0.1,0,1000,0.7346801346801346,557,66,534,328
True,0.1,0,1000,0.7528619528619529,577,59,541,308
True,0.1,0,1000,0.7542087542087542,578,58,542,307
True,0.1,0,1000,0.7703703703703704,560,16,584,325
True,0.1,0,1000,0.7643097643097643,582,47,553,303
True,0.1,0,1000,0.7461279461279462,569,61,539,316
True,0.1,0,1000,0.7023569023569023,522,79,521,363
True,0.05,0,1000,0.764983164983165,554,18,582,331
True,0.05,0,1000,0.7548821548821549,569,48,552,316
True,0.05,0,1000,0.7616161616161616,577,46,554,308
True,0.05,0,1000,0.7353535353535354,553,61,539,332
True,0.05,0,1000,0.7259259259259259,534,56,544,351
True,0.05,0,1000,0.7205387205387206,534,64,536,351
True,0.05,0,1000,0.7279461279461279,539,58,542,346
True,0.05,0,1000,0.705050505050505,508,61,539,377
True,0.05,0,1000,0.7878787878787878,599,29,571,286
True,0.05,0,1000,0.7925925925925926,599,22,578,286
True,0.05,0,1000,0.7265993265993266,553,74,526,332
True,0.05,0,1000,0.762962962962963,571,38,562,314
True,0.05,0,1000,0.7313131313131314,526,40,560,359
True,0.05,0,1000,0.731986531986532,545,58,542,340
True,0.05,0,1000,0.7292929292929293,542,59,541,343
True,0.05,0,1000,0.7191919191919192,539,71,529,346
True,0.05,0,1000,0.7225589225589226,534,61,539,351
True,0.05,0,1000,0.7575757575757576,576,51,549,309
True,0.05,0,1000,0.7353535353535354,550,58,542,335
True,0.05,0,1000,0.734006734006734,539,49,551,346
True,0.05,0,1000,0.7528619528619529,573,55,545,312
True,0.05,0,1000,0.7589225589225589,573,46,554,312
True,0.05,0,1000,0.7037037037037037,511,66,534,374
True,0.05,0,1000,0.736026936026936,553,60,540,332
True,0.05,0,1000,0.7016835016835017,505,63,537,380
True,0.05,0,1000,0.7454545454545455,564,57,543,321
True,0.05,0,1000,0.7265993265993266,543,64,536,342
True,0.05,0,1000,0.7676767676767677,580,40,560,305
True,0.05,0,1000,0.7245791245791247,536,60,540,349
True,0.05,0,1000,0.7441077441077442,565,60,540,320
True,0.05,0,1000,0.7232323232323232,522,48,552,363
True,0.05,0,1000,0.7420875420875421,562,60,540,323
True,0.05,0,1000,0.7777777777777778,596,41,559,289
True,0.05,0,1000,0.7111111111111111,513,57,543,372
True,0.05,0,1000,0.7077441077441078,514,63,537,371
True,0.05,0,1000,0.7548821548821549,566,45,555,319
True,0.05,0,1000,0.8006734006734006,615,26,574,270
True,0.05,0,1000,0.7353535353535354,553,61,539,332
True,0.05,0,1000,0.7777777777777778,589,34,566,296
True,0.05,0,1000,0.8127946127946128,630,23,577,255
True,0.05,0,1000,0.736026936026936,540,47,553,345
True,0.05,0,1000,0.696969696969697,503,68,532,382
True,0.05,0,1000,0.736026936026936,549,56,544,336
True,0.05,0,1000,0.7259259259259259,539,61,539,346
True,0.05,0,1000,0.7232323232323232,533,59,541,352
True,0.05,0,1000,0.6875420875420876,499,78,522,386
True,0.05,0,1000,0.7171717171717171,541,76,524,344
True,0.05,0,1000,0.7474747474747474,564,54,546,321
True,0.05,0,1000,0.7872053872053872,594,25,575,291
True,0.05,0,1000,0.7824915824915825,593,31,569,292
True,0,0,2000,0.7575757575757576,587,62,538,298
True,0,0,2000,0.7791245791245791,626,69,531,259
True,0,0,2000,0.7797979797979798,623,65,535,262
True,0,0,2000,0.8202020202020202,651,33,567,234
True,0,0,2000,0.8094276094276094,651,49,551,234
True,0,0,2000,0.762962962962963,596,63,537,289
True,0,0,2000,0.7818181818181819,623,62,538,262
True,0,0,2000,0.7595959595959596,593,65,535,292
True,0,0,2000,0.8020202020202021,631,40,560,254
True,0,0,2000,0.7158249158249158,541,78,522,344
True,0,0,2000,0.8013468013468014,662,72,528,223
True,0,0,2000,0.8053872053872053,647,51,549,238
True,0,0,2000,0.7797979797979798,620,62,538,265
True,0,0,2000,0.7838383838383838,635,71,529,250
True,0,0,2000,0.7656565656565657,602,65,535,283
True,0,0,2000,0.7771043771043771,619,65,535,266
True,0,0,2000,0.7542087542087542,594,74,526,291
True,0,0,2000,0.7622895622895622,599,67,533,286
True,0,0,2000,0.7609427609427609,594,64,536,291
True,0,0,2000,0.7609427609427609,583,53,547,302
True,0,0,2000,0.7427609427609427,567,64,536,318
True,0,0,2000,0.7771043771043771,617,63,537,268
True,0,0,2000,0.7892255892255893,637,65,535,248
True,0,0,2000,0.7393939393939394,569,71,529,316
True,0,0,2000,0.7636363636363637,603,69,531,282
True,0,0,2000,0.7824915824915825,623,61,539,262
True,0,0,2000,0.7703703703703704,606,62,538,279
True,0,0,2000,0.804040404040404,617,23,577,268
True,0,0,2000,0.7946127946127945,635,55,545,250
True,0,0,2000,0.7872053872053872,626,57,543,259
True,0,0,2000,0.7791245791245791,630,73,527,255
True,0,0,2000,0.7858585858585858,615,48,552,270
True,0,0,2000,0.7427609427609427,569,66,534,316
True,0,0,2000,0.7622895622895622,600,68,532,285
True,0,0,2000,0.7791245791245791,623,66,534,262
True,0,0,2000,0.7696969696969697,598,55,545,287
True,0,0,2000,0.7622895622895622,596,64,536,289
True,0,0,2000,0.7898989898989899,634,61,539,251
True,0,0,2000,0.8026936026936027,648,56,544,237
True,0,0,2000,0.7872053872053872,633,64,536,252
True,0,0,2000,0.7771043771043771,618,64,536,267
True,0,0,2000,0.797979797979798,645,60,540,240
True,0,0,2000,0.8175084175084175,665,51,549,220
True,0,0,2000,0.7589225589225589,587,60,540,298
True,0,0,2000,0.7676767676767677,605,65,535,280
True,0,0,2000,0.7757575757575758,629,77,523,256
True,0,0,2000,0.7824915824915825,629,67,533,256
True,0,0,2000,0.7831649831649832,632,69,531,253
True,0,0,2000,0.8033670033670034,637,44,556,248
True,0,0,2000,0.773063973063973,605,57,543,280
True,0.1,0,2000,0.7784511784511785,623,67,533,262
True,0.1,0,2000,0.7818181818181819,624,63,537,261
True,0.1,0,2000,0.7622895622895622,613,81,519,272
True,0.1,0,2000,0.7791245791245791,631,74,526,254
True,0.1,0,2000,0.7723905723905724,628,81,519,257
True,0.1,0,2000,0.7831649831649832,633,70,530,252
True,0.1,0,2000,0.8020202020202021,656,65,535,229
True,0.1,0,2000,0.7367003367003366,577,83,517,308
True,0.1,0,2000,0.7555555555555555,593,71,529,292
True,0.1,0,2000,0.7622895622895622,602,70,530,283
True,0.1,0,2000,0.7420875420875421,593,91,509,292
True,0.1,0,2000,0.771043771043771,623,78,522,262
True,0.1,0,2000,0.7865319865319865,633,65,535,252
True,0.1,0,2000,0.7555555555555555,604,82,518,281
True,0.1,0,2000,0.7663299663299663,602,64,536,283
True,0.1,0,2000,0.7663299663299663,597,59,541,288
True,0.1,0,2000,0.7414141414141414,581,80,520,304
True,0.1,0,2000,0.7676767676767677,603,63,537,282
True,0.1,0,2000,0.7905723905723906,641,67,533,244
True,0.1,0,2000,0.797979797979798,649,64,536,236
True,0.1,0,2000,0.764983164983165,629,93,507,256
True,0.1,0,2000,0.769023569023569,614,72,528,271
True,0.1,0,2000,0.7104377104377104,540,85,515,345
True,0.1,0,2000,0.769023569023569,604,62,538,281
True,0.1,0,2000,0.793939393939394,639,60,540,246
True,0.1,0,2000,0.767003367003367,606,67,533,279
True,0.1,0,2000,0.8013468013468014,633,43,557,252
True,0.1,0,2000,0.7420875420875421,571,69,531,314
True,0.1,0,2000,0.8141414141414142,661,52,548,224
True,0.1,0,2000,0.7171717171717171,530,65,535,355
True,0.1,0,2000,0.7919191919191919,643,67,533,242
True,0.1,0,2000,0.7784511784511785,625,69,531,260
True,0.1,0,2000,0.7952861952861953,651,70,530,234
True,0.1,0,2000,0.7468013468013468,603,94,506,282
True,0.1,0,2000,0.7595959595959596,614,86,514,271
True,0.1,0,2000,0.7676767676767677,607,67,533,278
True,0.1,0,2000,0.7757575757575758,620,68,532,265
True,0.1,0,2000,0.7851851851851852,629,63,537,256
True,0.1,0,2000,0.8020202020202021,662,71,529,223
True,0.1,0,2000,0.806060606060606,654,57,543,231
True,0.1,0,2000,0.734006734006734,580,90,510,305
True,0.1,0,2000,0.7616161616161616,604,73,527,281
True,0.1,0,2000,0.7299663299663299,554,70,530,331
True,0.1,0,2000,0.8188552188552188,670,54,546,215
True,0.1,0,2000,0.7097643097643098,553,99,501,332
True,0.1,0,2000,0.7508417508417509,598,83,517,287
True,0.1,0,2000,0.771043771043771,601,56,544,284
True,0.1,0,2000,0.7818181818181819,638,77,523,247
True,0.1,0,2000,0.7575757575757576,600,75,525,285
True,0.1,0,2000,0.7744107744107744,613,63,537,272
True,0.05,0,2000,0.7717171717171717,608,62,538,277
True,0.05,0,2000,0.7353535353535354,571,79,521,314
True,0.05,0,2000,0.7905723905723906,633,59,541,252
True,0.05,0,2000,0.7892255892255893,633,61,539,252
True,0.05,0,2000,0.7474747474747474,572,62,538,313
True,0.05,0,2000,0.7838383838383838,632,68,532,253
True,0.05,0,2000,0.7616161616161616,611,80,520,274
True,0.05,0,2000,0.7494949494949494,581,68,532,304
True,0.05,0,2000,0.7966329966329966,650,67,533,235
True,0.05,0,2000,0.7777777777777778,623,68,532,262
True,0.05,0,2000,0.7838383838383838,625,61,539,260
True,0.05,0,2000,0.7878787878787878,633,63,537,252
True,0.05,0,2000,0.7791245791245791,622,65,535,263
True,0.05,0,2000,0.7757575757575758,610,58,542,275
True,0.05,0,2000,0.7595959595959596,593,65,535,292
True,0.05,0,2000,0.7696969696969697,609,66,534,276
True,0.05,0,2000,0.7932659932659932,619,41,559,266
True,0.05,0,2000,0.7818181818181819,624,63,537,261
True,0.05,0,2000,0.7919191919191919,640,64,536,245
True,0.05,0,2000,0.7932659932659932,631,53,547,254
True,0.05,0,2000,0.7912457912457913,642,67,533,243
True,0.05,0,2000,0.8053872053872053,652,56,544,233
True,0.05,0,2000,0.7764309764309765,620,67,533,265
True,0.05,0,2000,0.8107744107744108,652,48,552,233
True,0.05,0,2000,0.7811447811447811,631,71,529,254
True,0.05,0,2000,0.7723905723905724,618,71,529,267
True,0.05,0,2000,0.767003367003367,592,53,547,293
True,0.05,0,2000,0.8006734006734006,652,63,537,233
True,0.05,0,2000,0.7441077441077442,580,75,525,305
True,0.05,0,2000,0.8074074074074074,647,48,552,238
True,0.05,0,2000,0.7441077441077442,578,73,527,307
True,0.05,0,2000,0.7636363636363637,599,65,535,286
True,0.05,0,2000,0.7898989898989899,645,72,528,240
True,0.05,0,2000,0.7804713804713805,623,64,536,262
True,0.05,0,2000,0.7737373737373737,609,60,540,276
True,0.05,0,2000,0.7925925925925926,641,64,536,244
True,0.05,0,2000,0.7636363636363637,598,64,536,287
True,0.05,0,2000,0.7797979797979798,624,66,534,261
True,0.05,0,2000,0.7737373737373737,630,81,519,255
True,0.05,0,2000,0.7508417508417509,585,70,530,300
True,0.05,0,2000,0.769023569023569,612,70,530,273
True,0.05,0,2000,0.773063973063973,608,60,540,277
True,0.05,0,2000,0.7865319865319865,629,61,539,256
True,0.05,0,2000,0.7595959595959596,594,66,534,291
True,0.05,0,2000,0.7528619528619529,580,62,538,305
True,0.05,0,2000,0.7791245791245791,617,60,540,268
True,0.05,0,2000,0.7622895622895622,596,64,536,289
True,0.05,0,2000,0.7616161616161616,602,71,529,283
True,0.05,0,2000,0.7703703703703704,609,65,535,276
True,0.05,0,2000,0.8026936026936027,643,51,549,242
True,0,0,10000,0.8020202020202021,666,75,525,219
True,0,0,10000,0.7703703703703704,637,93,507,248
True,0,0,10000,0.7986531986531986,658,72,528,227
True,0,0,10000,0.8026936026936027,664,72,528,221
True,0,0,10000,0.8134680134680135,672,64,536,213
True,0,0,10000,0.7905723905723906,639,65,535,246
True,0,0,10000,0.8074074074074074,666,67,533,219
True,0,0,10000,0.8101010101010101,669,66,534,216
True,0,0,10000,0.8020202020202021,657,66,534,228
True,0,0,10000,0.804040404040404,658,64,536,227
True,0,0,10000,0.7966329966329966,647,64,536,238
True,0,0,10000,0.797979797979798,650,65,535,235
True,0,0,10000,0.8080808080808081,666,66,534,219
True,0,0,10000,0.8087542087542088,666,65,535,219
True,0,0,10000,0.7993265993265993,656,69,531,229
True,0,0,10000,0.8094276094276094,666,64,536,219
True,0,0,10000,0.793939393939394,647,68,532,238
True,0,0,10000,0.8033670033670034,660,67,533,225
True,0,0,10000,0.7986531986531986,653,67,533,232
True,0,0,10000,0.8047138047138047,665,70,530,220
True,0,0,10000,0.8067340067340067,666,68,532,219
True,0,0,10000,0.8101010101010101,667,64,536,218
True,0,0,10000,0.8067340067340067,662,64,536,223
True,0,0,10000,0.8,652,64,536,233
True,0,0,10000,0.7892255892255893,645,73,527,240
True,0,0,10000,0.8094276094276094,671,69,531,214
True,0,0,10000,0.8080808080808081,666,66,534,219
True,0,0,10000,0.797979797979798,652,67,533,233
True,0,0,10000,0.8094276094276094,666,64,536,219
True,0,0,10000,0.795959595959596,649,67,533,236
True,0,0,10000,0.8,654,66,534,231
True,0,0,10000,0.8101010101010101,668,65,535,217
True,0,0,10000,0.8074074074074074,672,73,527,213
True,0,0,10000,0.8087542087542088,666,65,535,219
True,0,0,10000,0.8074074074074074,665,66,534,220
True,0,0,10000,0.8094276094276094,667,65,535,218
True,0,0,10000,0.8094276094276094,666,64,536,219
True,0,0,10000,0.8114478114478114,669,64,536,216
True,0,0,10000,0.8094276094276094,669,67,533,216
True,0,0,10000,0.8094276094276094,667,65,535,218
True,0,0,10000,0.8,666,78,522,219
True,0,0,10000,0.8094276094276094,667,65,535,218
True,0,0,10000,0.8087542087542088,670,69,531,215
True,0,0,10000,0.8134680134680135,676,68,532,209
True,0,0,10000,0.8094276094276094,666,64,536,219
True,0,0,10000,0.7986531986531986,653,67,533,232
True,0,0,10000,0.8020202020202021,668,77,523,217
True,0,0,10000,0.797979797979798,654,69,531,231
True,0,0,10000,0.8087542087542088,667,66,534,218
True,0,0,10000,0.804040404040404,658,64,536,227
True,0.1,0,10000,0.7791245791245791,702,145,455,183
True,0.1,0,10000,0.8101010101010101,684,81,519,201
True,0.1,0,10000,0.7993265993265993,691,104,496,194
True,0.1,0,10000,0.7656565656565657,691,154,446,194
True,0.1,0,10000,0.7838383838383838,669,105,495,216
True,0.1,0,10000,0.8047138047138047,678,83,517,207
True,0.1,0,10000,0.7851851851851852,710,144,456,175
True,0.1,0,10000,0.7838383838383838,710,146,454,175
True,0.1,0,10000,0.795959595959596,696,114,486,189
True,0.1,0,10000,0.7878787878787878,640,70,530,245
True,0.1,0,10000,0.7973063973063973,723,139,461,162
True,0.1,0,10000,0.8121212121212121,666,60,540,219
True,0.1,0,10000,0.7905723905723906,709,135,465,176
True,0.1,0,10000,0.8141414141414142,680,71,529,205
True,0.1,0,10000,0.8013468013468014,708,118,482,177
True,0.1,0,10000,0.8188552188552188,699,83,517,186
True,0.1,0,10000,0.8188552188552188,704,88,512,181
True,0.1,0,10000,0.8074074074074074,680,81,519,205
True,0.1,0,10000,0.8168350168350168,703,90,510,182
True,0.1,0,10000,0.7737373737373737,713,164,436,172
True,0.1,0,10000,0.7892255892255893,691,119,481,194
True,0.1,0,10000,0.8074074074074074,685,86,514,200
True,0.1,0,10000,0.7898989898989899,706,133,467,179
True,0.1,0,10000,0.7905723905723906,686,112,488,199
True,0.1,0,10000,0.7797979797979798,723,165,435,162
True,0.1,0,10000,0.8020202020202021,675,84,516,210
True,0.1,0,10000,0.8,686,98,502,199
True,0.1,0,10000,0.8080808080808081,675,75,525,210
True,0.1,0,10000,0.7845117845117845,698,133,467,187
True,0.1,0,10000,0.7973063973063973,657,73,527,228
True,0.1,0,10000,0.8067340067340067,665,67,533,220
True,0.1,0,10000,0.8,729,141,459,156
True,0.1,0,10000,0.7494949494949494,647,134,466,238
True,0.1,0,10000,0.8087542087542088,687,86,514,198
True,0.1,0,10000,0.7818181818181819,686,125,475,199
True,0.1,0,10000,0.7898989898989899,688,115,485,197
True,0.1,0,10000,0.8080808080808081,675,75,525,210
True,0.1,0,10000,0.8020202020202021,697,106,494,188
True,0.1,0,10000,0.8080808080808081,676,76,524,209
True,0.1,0,10000,0.8181818181818181,705,90,510,180
True,0.1,0,10000,0.7885521885521886,674,103,497,211
True,0.1,0,10000,0.764983164983165,681,145,455,204
True,0.1,0,10000,0.804040404040404,669,75,525,216
True,0.1,0,10000,0.8134680134680135,677,69,531,208
True,0.1,0,10000,0.7919191919191919,702,126,474,183
True,0.1,0,10000,0.7952861952861953,656,75,525,229
True,0.1,0,10000,0.8053872053872053,704,108,492,181
True,0.1,0,10000,0.8208754208754209,683,64,536,202
True,0.1,0,10000,0.8080808080808081,671,71,529,214
True,0.1,0,10000,0.7892255892255893,676,104,496,209
True,0.05,0,10000,0.795959595959596,681,99,501,204
True,0.05,0,10000,0.8195286195286196,681,64,536,204
True,0.05,0,10000,0.8067340067340067,669,71,529,216
True,0.05,0,10000,0.8094276094276094,669,67,533,216
True,0.05,0,10000,0.806060606060606,674,77,523,211
True,0.05,0,10000,0.8148148148148149,689,79,521,196
True,0.05,0,10000,0.8047138047138047,677,82,518,208
True,0.05,0,10000,0.8080808080808081,666,66,534,219
True,0.05,0,10000,0.806060606060606,666,69,531,219
True,0.05,0,10000,0.8013468013468014,674,84,516,211
True,0.05,0,10000,0.793939393939394,671,92,508,214
True,0.05,0,10000,0.804040404040404,668,74,526,217
True,0.05,0,10000,0.7912457912457913,644,69,531,241
True,0.05,0,10000,0.7952861952861953,674,93,507,211
True,0.05,0,10000,0.797979797979798,690,105,495,195
True,0.05,0,10000,0.7993265993265993,656,69,531,229
True,0.05,0,10000,0.8,652,64,536,233
True,0.05,0,10000,0.7986531986531986,650,64,536,235
True,0.05,0,10000,0.7993265993265993,654,67,533,231
True,0.05,0,10000,0.8080808080808081,666,66,534,219
True,0.05,0,10000,0.8235690235690236,690,67,533,195
True,0.05,0,10000,0.8053872053872053,663,67,533,222
True,0.05,0,10000,0.8134680134680135,675,67,533,210
True,0.05,0,10000,0.8074074074074074,665,66,534,220
True,0.05,0,10000,0.806060606060606,667,70,530,218
True,0.05,0,10000,0.8114478114478114,670,65,535,215
True,0.05,0,10000,0.8094276094276094,667,65,535,218
True,0.05,0,10000,0.8080808080808081,685,85,515,200
True,0.05,0,10000,0.8067340067340067,673,75,525,212
True,0.05,0,10000,0.7845117845117845,635,70,530,250
True,0.05,0,10000,0.7966329966329966,658,75,525,227
True,0.05,0,10000,0.797979797979798,664,79,521,221
True,0.05,0,10000,0.8006734006734006,671,82,518,214
True,0.05,0,10000,0.8074074074074074,680,81,519,205
True,0.05,0,10000,0.8033670033670034,669,76,524,216
True,0.05,0,10000,0.8013468013468014,675,85,515,210
True,0.05,0,10000,0.8101010101010101,668,65,535,217
True,0.05,0,10000,0.8020202020202021,670,79,521,215
True,0.05,0,10000,0.7966329966329966,672,89,511,213
True,0.05,0,10000,0.7737373737373737,623,74,526,262
True,0.05,0,10000,0.8080808080808081,666,66,534,219
True,0.05,0,10000,0.797979797979798,664,79,521,221
True,0.05,0,10000,0.806060606060606,668,71,529,217
True,0.05,0,10000,0.7993265993265993,673,86,514,212
True,0.05,0,10000,0.797979797979798,670,85,515,215
True,0.05,0,10000,0.8087542087542088,666,65,535,219
True,0.05,0,10000,0.8020202020202021,666,75,525,219
True,0.05,0,10000,0.8094276094276094,668,66,534,217
True,0.05,0,10000,0.7993265993265993,682,95,505,203
True,0.05,0,10000,0.8107744107744108,668,64,536,217
