linear,b,d,nsamples,accuracy,trueneg,falseneg,truepos,falsepos
False,0.01,0.01,200,0.591919191919192,282,3,597,603
False,0.01,0.01,200,0.6255892255892256,329,0,600,556
False,0.01,0.01,200,0.531986531986532,193,3,597,692
False,0.01,0.01,200,0.5750841750841751,261,7,593,624
False,0.01,0.01,200,0.602020202020202,295,1,599,590
False,0.01,0.01,200,0.5865319865319865,275,4,596,610
False,0.01,0.01,200,0.6242424242424243,334,7,593,551
False,0.01,0.01,200,0.6121212121212121,311,2,598,574
False,0.01,0.01,200,0.6202020202020202,322,1,599,563
False,0.01,0.01,200,0.5198653198653198,173,1,599,712
False,0.01,0.01,200,0.5656565656565656,240,0,600,645
False,0.01,0.01,200,0.5663299663299664,242,1,599,643
False,0.01,0.01,200,0.5616161616161617,235,1,599,650
False,0.01,0.01,200,0.5272727272727273,184,1,599,701
False,0.01,0.01,200,0.5771043771043771,270,13,587,615
False,0.01,0.01,200,0.6363636363636364,346,1,599,539
False,0.01,0.01,200,0.5454545454545454,210,0,600,675
False,0.01,0.01,200,0.5454545454545454,210,0,600,675
False,0.01,0.01,200,0.5750841750841751,263,9,591,622
False,0.01,0.01,200,0.5191919191919192,176,5,595,709
False,0.01,0.01,200,0.5703703703703704,248,1,599,637
False,0.01,0.01,200,0.5811447811447812,263,0,600,622
False,0.01,0.01,200,0.5124579124579125,167,6,594,718
False,0.01,0.01,200,0.531986531986532,191,1,599,694
False,0.01,0.01,200,0.5468013468013468,214,2,598,671
False,0.01,0.01,200,0.5986531986531987,292,3,597,593
False,0.01,0.01,200,0.5946127946127946,283,0,600,602
False,0.01,0.01,200,0.6127946127946128,311,1,599,574
False,0.01,0.01,200,0.5851851851851853,269,0,600,616
False,0.01,0.01,200,0.5265993265993266,182,0,600,703
False,0.01,0.01,200,0.608080808080808,304,1,599,581
False,0.01,0.01,200,0.5306397306397306,195,7,593,690
False,0.01,0.01,200,0.5548821548821549,224,0,600,661
False,0.01,0.01,200,0.5845117845117845,269,1,599,616
False,0.01,0.01,200,0.5212121212121212,181,7,593,704
False,0.01,0.01,200,0.5676767676767677,245,2,598,640
False,0.01,0.01,200,0.5575757575757576,230,2,598,655
False,0.01,0.01,200,0.5649831649831649,243,4,596,642
False,0.01,0.01,200,0.5804713804713805,266,4,596,619
False,0.01,0.01,200,0.5138047138047138,172,9,591,713
False,0.01,0.01,200,0.5023569023569023,154,8,592,731
False,0.01,0.01,200,0.6505050505050505,368,2,598,517
False,0.01,0.01,200,0.6525252525252525,370,1,599,515
False,0.01,0.01,200,0.5649831649831649,244,5,595,641
False,0.01,0.01,200,0.5212121212121212,175,1,599,710
False,0.01,0.01,200,0.4942760942760943,137,3,597,748
False,0.01,0.01,200,0.5326599326599326,191,0,600,694
False,0.01,0.01,200,0.4936026936026936,139,6,594,746
False,0.01,0.01,200,0.5272727272727273,186,3,597,699
False,0.01,0.01,200,0.49090909090909096,131,2,598,754
False,0.01,0.05,200,0.5649831649831649,240,1,599,645
False,0.01,0.05,200,0.5286195286195285,185,0,600,700
False,0.01,0.05,200,0.5353535353535354,200,5,595,685
False,0.01,0.05,200,0.591919191919192,279,0,600,606
False,0.01,0.05,200,0.5191919191919192,174,3,597,711
False,0.01,0.05,200,0.5407407407407407,203,0,600,682
False,0.01,0.05,200,0.5434343434343434,207,0,600,678
False,0.01,0.05,200,0.5494949494949495,217,1,599,668
False,0.01,0.05,200,0.5272727272727273,183,0,600,702
False,0.01,0.05,200,0.5333333333333333,192,0,600,693
False,0.01,0.05,200,0.5494949494949495,218,2,598,667
False,0.01,0.05,200,0.5265993265993266,189,7,593,696
False,0.01,0.05,200,0.5218855218855218,175,0,600,710
False,0.01,0.05,200,0.5063973063973064,163,11,589,722
False,0.01,0.05,200,0.5494949494949495,216,0,600,669
False,0.01,0.05,200,0.5360269360269361,199,3,597,686
False,0.01,0.05,200,0.5077441077441077,155,1,599,730
False,0.01,0.05,200,0.52996632996633,188,1,599,697
False,0.01,0.05,200,0.6188552188552189,322,3,597,563
False,0.01,0.05,200,0.4942760942760943,143,9,591,742
False,0.01,0.05,200,0.5771043771043771,258,1,599,627
False,0.01,0.05,200,0.5158249158249157,166,0,600,719
False,0.01,0.05,200,0.5259259259259259,181,0,600,704
False,0.01,0.05,200,0.5077441077441077,161,7,593,724
False,0.01,0.05,200,0.5744107744107745,257,4,596,628
False,0.01,0.05,200,0.5744107744107745,258,5,595,627
False,0.01,0.05,200,0.5259259259259259,184,3,597,701
False,0.01,0.05,200,0.5575757575757576,233,5,595,652
False,0.01,0.05,200,0.5185185185185186,171,1,599,714
False,0.01,0.05,200,0.5461279461279461,213,2,598,672
False,0.01,0.05,200,0.5643097643097643,238,0,600,647
False,0.01,0.05,200,0.5696969696969697,249,3,597,636
False,0.01,0.05,200,0.5367003367003367,201,4,596,684
False,0.01,0.05,200,0.5023569023569023,152,6,594,733
False,0.01,0.05,200,0.571043771043771,249,1,599,636
False,0.01,0.05,200,0.5784511784511784,264,5,595,621
False,0.01,0.05,200,0.5474747474747474,217,4,596,668
False,0.01,0.05,200,0.5205387205387205,177,4,596,708
False,0.01,0.05,200,0.5703703703703704,247,0,600,638
False,0.01,0.05,200,0.5245791245791246,182,3,597,703
False,0.01,0.05,200,0.5872053872053873,272,0,600,613
False,0.01,0.05,200,0.6026936026936027,299,4,596,586
False,0.01,0.05,200,0.5151515151515151,166,1,599,719
False,0.01,0.05,200,0.5777777777777777,260,2,598,625
False,0.01,0.05,200,0.5420875420875421,214,9,591,671
False,0.01,0.05,200,0.6134680134680135,314,3,597,571
False,0.01,0.05,200,0.595959595959596,293,8,592,592
False,0.01,0.05,200,0.5306397306397306,188,0,600,697
False,0.01,0.05,200,0.569023569023569,246,1,599,639
False,0.01,0.05,200,0.5407407407407407,203,0,600,682
False,0.05,0.01,200,0.5016835016835017,146,1,599,739
False,0.05,0.01,200,0.6269360269360269,332,1,599,553
False,0.05,0.01,200,0.6222222222222222,324,0,600,561
False,0.05,0.01,200,0.5138047138047138,171,8,592,714
False,0.05,0.01,200,0.5488215488215489,238,23,577,647
False,0.05,0.01,200,0.5535353535353535,223,1,599,662
False,0.05,0.01,200,0.5629629629629629,239,3,597,646
False,0.05,0.01,200,0.48350168350168354,119,1,599,766
False,0.05,0.01,200,0.5239057239057239,189,11,589,696
False,0.05,0.01,200,0.6013468013468013,296,3,597,589
False,0.05,0.01,200,0.6141414141414141,312,0,600,573
False,0.05,0.01,200,0.5797979797979798,261,0,600,624
False,0.05,0.01,200,0.4936026936026936,136,3,597,749
False,0.05,0.01,200,0.5892255892255892,299,24,576,586
False,0.05,0.01,200,0.5589225589225589,230,0,600,655
False,0.05,0.01,200,0.6148148148148148,313,0,600,572
False,0.05,0.01,200,0.5993265993265993,293,3,597,592
False,0.05,0.01,200,0.5265993265993266,183,1,599,702
False,0.05,0.01,200,0.5932659932659933,281,0,600,604
False,0.05,0.01,200,0.5515151515151515,221,2,598,664
False,0.05,0.01,200,0.573063973063973,255,4,596,630
False,0.05,0.01,200,0.5306397306397306,188,0,600,697
False,0.05,0.01,200,0.5003367003367003,143,0,600,742
False,0.05,0.01,200,0.49696969696969695,143,5,595,742
False,0.05,0.01,200,0.5932659932659933,287,6,594,598
False,0.05,0.01,200,0.5838383838383838,267,0,600,618
False,0.05,0.01,200,0.5885521885521885,274,0,600,611
False,0.05,0.01,200,0.5548821548821549,225,1,599,660
False,0.05,0.01,200,0.5784511784511784,265,6,594,620
False,0.05,0.01,200,0.5461279461279461,218,7,593,667
False,0.05,0.01,200,0.5892255892255892,279,4,596,606
False,0.05,0.01,200,0.5501683501683502,220,3,597,665
False,0.05,0.01,200,0.5649831649831649,243,4,596,642
False,0.05,0.01,200,0.5286195286195285,196,11,589,689
False,0.05,0.01,200,0.5138047138047138,163,0,600,722
False,0.05,0.01,200,0.591919191919192,285,6,594,600
False,0.05,0.01,200,0.4855218855218856,121,0,600,764
False,0.05,0.01,200,0.5138047138047138,181,18,582,704
False,0.05,0.01,200,0.5488215488215489,234,19,581,651
False,0.05,0.01,200,0.5441077441077441,210,2,598,675
False,0.05,0.01,200,0.5380471380471381,199,0,600,686
False,0.05,0.01,200,0.604040404040404,302,5,595,583
False,0.05,0.01,200,0.48484848484848486,127,7,593,758
False,0.05,0.01,200,0.5447811447811448,209,0,600,676
False,0.05,0.01,200,0.5535353535353535,223,1,599,662
False,0.05,0.01,200,0.6303030303030304,341,5,595,544
False,0.05,0.01,200,0.5407407407407407,211,8,592,674
False,0.05,0.01,200,0.5515151515151515,221,2,598,664
False,0.05,0.01,200,0.5245791245791246,185,6,594,700
False,0.05,0.01,200,0.5925925925925926,286,6,594,599
False,0.05,0.05,200,0.5481481481481482,217,3,597,668
False,0.05,0.05,200,0.5043771043771044,162,13,587,723
False,0.05,0.05,200,0.5649831649831649,240,1,599,645
False,0.05,0.05,200,0.49158249158249157,135,5,595,750
False,0.05,0.05,200,0.5191919191919192,177,6,594,708
False,0.05,0.05,200,0.5259259259259259,181,0,600,704
False,0.05,0.05,200,0.5663299663299664,250,9,591,635
False,0.05,0.05,200,0.5717171717171717,249,0,600,636
False,0.05,0.05,200,0.5178451178451178,170,1,599,715
False,0.05,0.05,200,0.5057239057239058,160,9,591,725
False,0.05,0.05,200,0.5878787878787879,275,2,598,610
False,0.05,0.05,200,0.5595959595959596,245,14,586,640
False,0.05,0.05,200,0.6215488215488216,329,6,594,556
False,0.05,0.05,200,0.5824915824915825,267,2,598,618
False,0.05,0.05,200,0.5124579124579125,163,2,598,722
False,0.05,0.05,200,0.5144781144781145,164,0,600,721
False,0.05,0.05,200,0.4875420875420875,128,4,596,757
False,0.05,0.05,200,0.5508417508417509,220,2,598,665
False,0.05,0.05,200,0.4814814814814815,122,7,593,763
False,0.05,0.05,200,0.602020202020202,299,5,595,586
False,0.05,0.05,200,0.5225589225589226,178,2,598,707
False,0.05,0.05,200,0.604040404040404,301,4,596,584
False,0.05,0.05,200,0.531986531986532,190,0,600,695
False,0.05,0.05,200,0.5191919191919192,174,3,597,711
False,0.05,0.05,200,0.5205387205387205,189,16,584,696
False,0.05,0.05,200,0.6471380471380471,361,0,600,524
False,0.05,0.05,200,0.5212121212121212,185,11,589,700
False,0.05,0.05,200,0.5595959595959596,235,4,596,650
False,0.05,0.05,200,0.6444444444444444,357,0,600,528
False,0.05,0.05,200,0.5023569023569023,146,0,600,739
False,0.05,0.05,200,0.5346801346801346,213,19,581,672
False,0.05,0.05,200,0.5535353535353535,223,1,599,662
False,0.05,0.05,200,0.503030303030303,151,4,596,734
False,0.05,0.05,200,0.5737373737373737,252,0,600,633
False,0.05,0.05,200,0.5057239057239058,160,9,591,725
False,0.05,0.05,200,0.5259259259259259,183,2,598,702
False,0.05,0.05,200,0.5414141414141413,206,2,598,679
False,0.05,0.05,200,0.5791245791245792,263,3,597,622
False,0.05,0.05,200,0.5104377104377105,159,1,599,726
False,0.05,0.05,200,0.5973063973063972,288,1,599,597
False,0.05,0.05,200,0.6202020202020202,331,10,590,554
False,0.05,0.05,200,0.5831649831649832,266,0,600,619
False,0.05,0.05,200,0.5575757575757576,228,0,600,657
False,0.05,0.05,200,0.5461279461279461,213,2,598,672
False,0.05,0.05,200,0.49629629629629635,138,1,599,747
False,0.05,0.05,200,0.5474747474747474,230,17,583,655
False,0.05,0.05,200,0.5407407407407407,215,12,588,670
False,0.05,0.05,200,0.6161616161616161,316,1,599,569
False,0.05,0.05,200,0.503030303030303,147,0,600,738
False,0.05,0.05,200,0.5562289562289562,227,1,599,658
False,0.01,0.01,500,0.7212121212121212,473,2,598,412
False,0.01,0.01,500,0.6888888888888889,428,5,595,457
False,0.01,0.01,500,0.7468013468013468,524,15,585,361
False,0.01,0.01,500,0.7771043771043771,569,15,585,316
False,0.01,0.01,500,0.7441077441077442,505,0,600,380
False,0.01,0.01,500,0.7622895622895622,535,3,597,350
False,0.01,0.01,500,0.7400673400673401,499,0,600,386
False,0.01,0.01,500,0.7367003367003366,511,17,583,374
False,0.01,0.01,500,0.7474747474747474,511,1,599,374
False,0.01,0.01,500,0.7198653198653199,473,4,596,412
False,0.01,0.01,500,0.7582491582491583,527,1,599,358
False,0.01,0.01,500,0.7131313131313131,459,0,600,426
False,0.01,0.01,500,0.7656565656565657,541,4,596,344
False,0.01,0.01,500,0.7562289562289563,527,4,596,358
False,0.01,0.01,500,0.6976430976430976,436,0,600,449
False,0.01,0.01,500,0.7521885521885522,522,5,595,363
False,0.01,0.01,500,0.7548821548821549,525,4,596,360
False,0.01,0.01,500,0.7144781144781145,472,11,589,413
False,0.01,0.01,500,0.6915824915824915,441,14,586,444
False,0.01,0.01,500,0.7279461279461279,485,4,596,400
False,0.01,0.01,500,0.7239057239057238,475,0,600,410
False,0.01,0.01,500,0.7003367003367003,451,11,589,434
False,0.01,0.01,500,0.7441077441077442,505,0,600,380
False,0.01,0.01,500,0.6882154882154883,425,3,597,460
False,0.01,0.01,500,0.7414141414141414,501,0,600,384
False,0.01,0.01,500,0.7239057239057238,484,9,591,401
False,0.01,0.01,500,0.7703703703703704,544,0,600,341
False,0.01,0.01,500,0.7151515151515151,470,8,592,415
False,0.01,0.01,500,0.7225589225589226,474,1,599,411
False,0.01,0.01,500,0.7097643097643098,454,0,600,431
False,0.01,0.01,500,0.7441077441077442,509,4,596,376
False,0.01,0.01,500,0.6976430976430976,441,5,595,444
False,0.01,0.01,500,0.7131313131313131,459,0,600,426
False,0.01,0.01,500,0.7144781144781145,468,7,593,417
False,0.01,0.01,500,0.7306397306397306,489,4,596,396
False,0.01,0.01,500,0.7259259259259259,479,1,599,406
False,0.01,0.01,500,0.7582491582491583,529,3,597,356
False,0.01,0.01,500,0.7744107744107744,552,2,598,333
False,0.01,0.01,500,0.7367003367003366,499,5,595,386
False,0.01,0.01,500,0.7016835016835017,454,12,588,431
False,0.01,0.01,500,0.6996632996632997,449,10,590,436
False,0.01,0.01,500,0.7037037037037037,446,1,599,439
False,0.01,0.01,500,0.6835016835016835,419,4,596,466
False,0.01,0.01,500,0.7387205387205387,502,5,595,383
False,0.01,0.01,500,0.7272727272727273,492,12,588,393
False,0.01,0.01,500,0.7178451178451178,467,1,599,418
False,0.01,0.01,500,0.7171717171717171,467,2,598,418
False,0.01,0.01,500,0.7427609427609427,503,0,600,382
False,0.01,0.01,500,0.769023569023569,545,3,597,340
False,0.01,0.01,500,0.7609427609427609,535,5,595,350
False,0.01,0.05,500,0.6983164983164983,441,4,596,444
False,0.01,0.05,500,0.7387205387205387,498,1,599,387
False,0.01,0.05,500,0.7447811447811448,506,0,600,379
False,0.01,0.05,500,0.7367003367003366,499,5,595,386
False,0.01,0.05,500,0.7313131313131314,489,3,597,396
False,0.01,0.05,500,0.7400673400673401,500,1,599,385
False,0.01,0.05,500,0.7683501683501683,542,1,599,343
False,0.01,0.05,500,0.7306397306397306,488,3,597,397
False,0.01,0.05,500,0.7279461279461279,483,2,598,402
False,0.01,0.05,500,0.7548821548821549,524,3,597,361
False,0.01,0.05,500,0.7239057239057238,477,2,598,408
False,0.01,0.05,500,0.7185185185185186,470,3,597,415
False,0.01,0.05,500,0.7602693602693602,530,1,599,355
False,0.01,0.05,500,0.6531986531986532,372,2,598,513
False,0.01,0.05,500,0.7912457912457913,578,3,597,307
False,0.01,0.05,500,0.7414141414141414,502,1,599,383
False,0.01,0.05,500,0.7084175084175084,457,5,595,428
False,0.01,0.05,500,0.7205387205387206,471,1,599,414
False,0.01,0.05,500,0.7488215488215488,512,0,600,373
False,0.01,0.05,500,0.7824915824915825,566,4,596,319
False,0.01,0.05,500,0.7333333333333334,492,3,597,393
False,0.01,0.05,500,0.7171717171717171,471,6,594,414
False,0.01,0.05,500,0.6895622895622895,429,5,595,456
False,0.01,0.05,500,0.7171717171717171,466,1,599,419
False,0.01,0.05,500,0.7346801346801346,501,10,590,384
False,0.01,0.05,500,0.7555555555555555,533,11,589,352
False,0.01,0.05,500,0.7326599326599327,493,5,595,392
False,0.01,0.05,500,0.7239057239057238,476,1,599,409
False,0.01,0.05,500,0.7407407407407407,510,10,590,375
False,0.01,0.05,500,0.7636363636363637,534,0,600,351
False,0.01,0.05,500,0.7097643097643098,454,0,600,431
False,0.01,0.05,500,0.7164983164983165,464,0,600,421
False,0.01,0.05,500,0.7084175084175084,458,6,594,427
False,0.01,0.05,500,0.7097643097643098,457,3,597,428
False,0.01,0.05,500,0.7535353535353535,524,5,595,361
False,0.01,0.05,500,0.734006734006734,491,1,599,394
False,0.01,0.05,500,0.731986531986532,494,7,593,391
False,0.01,0.05,500,0.7138047138047139,463,3,597,422
False,0.01,0.05,500,0.7353535353535354,498,6,594,387
False,0.01,0.05,500,0.6888888888888889,432,9,591,453
False,0.01,0.05,500,0.7292929292929293,484,1,599,401
False,0.01,0.05,500,0.7218855218855219,473,1,599,412
False,0.01,0.05,500,0.7420875420875421,502,0,600,383
False,0.01,0.05,500,0.734006734006734,503,13,587,382
False,0.01,0.05,500,0.7575757575757576,526,1,599,359
False,0.01,0.05,500,0.7771043771043771,554,0,600,331
False,0.01,0.05,500,0.7232323232323232,475,1,599,410
False,0.01,0.05,500,0.7171717171717171,473,8,592,412
False,0.01,0.05,500,0.7703703703703704,544,0,600,341
False,0.01,0.05,500,0.7326599326599327,494,6,594,391
False,0.05,0.01,500,0.7010101010101011,458,17,583,427
False,0.05,0.01,500,0.7299663299663299,493,9,591,392
False,0.05,0.01,500,0.7521885521885522,520,3,597,365
False,0.05,0.01,500,0.7616161616161616,531,0,600,354
False,0.05,0.01,500,0.7831649831649832,567,4,596,318
False,0.05,0.01,500,0.7434343434343434,505,1,599,380
False,0.05,0.01,500,0.7555555555555555,524,2,598,361
False,0.05,0.01,500,0.7171717171717171,477,12,588,408
False,0.05,0.01,500,0.7528619528619529,521,3,597,364
False,0.05,0.01,500,0.7582491582491583,526,0,600,359
False,0.05,0.01,500,0.7373737373737373,495,0,600,390
False,0.05,0.01,500,0.7158249158249158,479,16,584,406
False,0.05,0.01,500,0.736026936026936,495,2,598,390
False,0.05,0.01,500,0.756902356902357,528,4,596,357
False,0.05,0.01,500,0.7414141414141414,506,5,595,379
False,0.05,0.01,500,0.771043771043771,552,7,593,333
False,0.05,0.01,500,0.7515151515151515,525,9,591,360
False,0.05,0.01,500,0.6902356902356903,434,9,591,451
False,0.05,0.01,500,0.7299663299663299,487,3,597,398
False,0.05,0.01,500,0.7198653198653199,475,6,594,410
False,0.05,0.01,500,0.7104377104377104,456,1,599,429
False,0.05,0.01,500,0.7575757575757576,526,1,599,359
False,0.05,0.01,500,0.6754208754208755,409,6,594,476
False,0.05,0.01,500,0.7259259259259259,479,1,599,406
False,0.05,0.01,500,0.6828282828282828,433,19,581,452
False,0.05,0.01,500,0.7346801346801346,492,1,599,393
False,0.05,0.01,500,0.7117845117845119,458,1,599,427
False,0.05,0.01,500,0.7454545454545455,509,2,598,376
False,0.05,0.01,500,0.7292929292929293,490,7,593,395
False,0.05,0.01,500,0.7407407407407407,500,0,600,385
False,0.05,0.01,500,0.703030303030303,448,4,596,437
False,0.05,0.01,500,0.7468013468013468,509,0,600,376
False,0.05,0.01,500,0.7481481481481482,516,5,595,369
False,0.05,0.01,500,0.7084175084175084,455,3,597,430
False,0.05,0.01,500,0.7387205387205387,505,8,592,380
False,0.05,0.01,500,0.7346801346801346,502,11,589,383
False,0.05,0.01,500,0.7535353535353535,519,0,600,366
False,0.05,0.01,500,0.7508417508417509,517,2,598,368
False,0.05,0.01,500,0.7703703703703704,546,2,598,339
False,0.05,0.01,500,0.7723905723905724,552,5,595,333
False,0.05,0.01,500,0.7468013468013468,510,1,599,375
False,0.05,0.01,500,0.7373737373737373,502,7,593,383
False,0.05,0.01,500,0.7218855218855219,474,2,598,411
False,0.05,0.01,500,0.7528619528619529,523,5,595,362
False,0.05,0.01,500,0.7131313131313131,467,8,592,418
False,0.05,0.01,500,0.7400673400673401,509,10,590,376
False,0.05,0.01,500,0.6855218855218855,441,23,577,444
False,0.05,0.01,500,0.7104377104377104,480,25,575,405
False,0.05,0.01,500,0.7488215488215488,512,0,600,373
False,0.05,0.01,500,0.7299663299663299,489,5,595,396
False,0.05,0.05,500,0.6713804713804714,403,6,594,482
False,0.05,0.05,500,0.7104377104377104,467,12,588,418
False,0.05,0.05,500,0.7414141414141414,504,3,597,381
False,0.05,0.05,500,0.6841750841750842,440,24,576,445
False,0.05,0.05,500,0.7111111111111111,458,2,598,427
False,0.05,0.05,500,0.6983164983164983,459,22,578,426
False,0.05,0.05,500,0.7198653198653199,473,4,596,412
False,0.05,0.05,500,0.6868686868686869,424,4,596,461
False,0.05,0.05,500,0.7656565656565657,544,7,593,341
False,0.05,0.05,500,0.7427609427609427,503,0,600,382
False,0.05,0.05,500,0.7508417508417509,519,4,596,366
False,0.05,0.05,500,0.7515151515151515,523,7,593,362
False,0.05,0.05,500,0.6956228956228956,433,0,600,452
False,0.05,0.05,500,0.7245791245791247,486,10,590,399
False,0.05,0.05,500,0.731986531986532,488,1,599,397
False,0.05,0.05,500,0.7144781144781145,465,4,596,420
False,0.05,0.05,500,0.7043771043771043,449,3,597,436
False,0.05,0.05,500,0.7616161616161616,534,3,597,351
False,0.05,0.05,500,0.6713804713804714,402,5,595,483
False,0.05,0.05,500,0.764983164983165,541,5,595,344
False,0.05,0.05,500,0.694949494949495,458,26,574,427
False,0.05,0.05,500,0.7158249158249158,479,16,584,406
False,0.05,0.05,500,0.7441077441077442,514,9,591,371
False,0.05,0.05,500,0.7306397306397306,489,4,596,396
False,0.05,0.05,500,0.7016835016835017,445,3,597,440
False,0.05,0.05,500,0.6565656565656566,377,2,598,508
False,0.05,0.05,500,0.696969696969697,437,2,598,448
False,0.05,0.05,500,0.7898989898989899,573,0,600,312
False,0.05,0.05,500,0.7595959595959596,534,6,594,351
False,0.05,0.05,500,0.756902356902357,529,5,595,356
False,0.05,0.05,500,0.7797979797979798,559,1,599,326
False,0.05,0.05,500,0.7185185185185186,467,0,600,418
False,0.05,0.05,500,0.7218855218855219,477,5,595,408
False,0.05,0.05,500,0.5245791245791246,300,121,479,585
False,0.05,0.05,500,0.7111111111111111,464,8,592,421
False,0.05,0.05,500,0.756902356902357,525,1,599,360
False,0.05,0.05,500,0.7245791245791247,489,13,587,396
False,0.05,0.05,500,0.6855218855218855,436,18,582,449
False,0.05,0.05,500,0.6861952861952862,428,9,591,457
False,0.05,0.05,500,0.7326599326599327,493,5,595,392
False,0.05,0.05,500,0.6747474747474748,405,3,597,480
False,0.05,0.05,500,0.6781144781144781,420,13,587,465
False,0.05,0.05,500,0.7797979797979798,566,8,592,319
False,0.05,0.05,500,0.7488215488215488,514,2,598,371
False,0.05,0.05,500,0.7474747474747474,510,0,600,375
False,0.05,0.05,500,0.7279461279461279,488,7,593,397
False,0.05,0.05,500,0.7306397306397306,485,0,600,400
False,0.05,0.05,500,0.7164983164983165,464,0,600,421
False,0.05,0.05,500,0.7191919191919192,490,22,578,395
False,0.05,0.05,500,0.6255892255892256,365,36,564,520
False,0.01,0.01,1000,0.8397306397306398,647,0,600,238
False,0.01,0.01,1000,0.8202020202020202,619,1,599,266
False,0.01,0.01,1000,0.8404040404040404,649,1,599,236
False,0.01,0.01,1000,0.8175084175084175,617,3,597,268
False,0.01,0.01,1000,0.8397306397306398,650,3,597,235
False,0.01,0.01,1000,0.8538720538720539,668,0,600,217
False,0.01,0.01,1000,0.8228956228956229,628,6,594,257
False,0.01,0.01,1000,0.8484848484848485,661,1,599,224
False,0.01,0.01,1000,0.8404040404040404,652,4,596,233
False,0.01,0.01,1000,0.8390572390572391,653,7,593,232
False,0.01,0.01,1000,0.8457912457912458,656,0,600,229
False,0.01,0.01,1000,0.826936026936027,628,0,600,257
False,0.01,0.01,1000,0.8141414141414142,612,3,597,273
False,0.01,0.01,1000,0.826936026936027,628,0,600,257
False,0.01,0.01,1000,0.8282828282828283,635,5,595,250
False,0.01,0.01,1000,0.8356902356902357,642,1,599,243
False,0.01,0.01,1000,0.8430976430976431,652,0,600,233
False,0.01,0.01,1000,0.8053872053872053,601,5,595,284
False,0.01,0.01,1000,0.8195286195286196,622,5,595,263
False,0.01,0.01,1000,0.8303030303030303,646,13,587,239
False,0.01,0.01,1000,0.8222222222222222,625,4,596,260
False,0.01,0.01,1000,0.8390572390572391,655,9,591,230
False,0.01,0.01,1000,0.8215488215488216,626,6,594,259
False,0.01,0.01,1000,0.8309764309764309,636,2,598,249
False,0.01,0.01,1000,0.8471380471380472,664,6,594,221
False,0.01,0.01,1000,0.8538720538720539,672,4,596,213
False,0.01,0.01,1000,0.8531986531986532,669,2,598,216
False,0.01,0.01,1000,0.826936026936027,628,0,600,257
False,0.01,0.01,1000,0.8309764309764309,638,4,596,247
False,0.01,0.01,1000,0.8276094276094276,630,1,599,255
False,0.01,0.01,1000,0.8491582491582492,661,0,600,224
False,0.01,0.01,1000,0.8208754208754209,623,4,596,262
False,0.01,0.01,1000,0.8525252525252525,666,0,600,219
False,0.01,0.01,1000,0.8538720538720539,668,0,600,217
False,0.01,0.01,1000,0.8316498316498316,635,0,600,250
False,0.01,0.01,1000,0.8282828282828283,630,0,600,255
False,0.01,0.01,1000,0.8437710437710437,653,0,600,232
False,0.01,0.01,1000,0.868013468013468,689,0,600,196
False,0.01,0.01,1000,0.8249158249158249,628,3,597,257
False,0.01,0.01,1000,0.8451178451178452,655,0,600,230
False,0.01,0.01,1000,0.8377104377104377,644,0,600,241
False,0.01,0.01,1000,0.8208754208754209,623,4,596,262
False,0.01,0.01,1000,0.8249158249158249,625,0,600,260
False,0.01,0.01,1000,0.8168350168350168,615,2,598,270
False,0.01,0.01,1000,0.8377104377104377,646,2,598,239
False,0.01,0.01,1000,0.8377104377104377,650,6,594,235
False,0.01,0.01,1000,0.8202020202020202,629,11,589,256
False,0.01,0.01,1000,0.8222222222222222,628,7,593,257
False,0.01,0.01,1000,0.8323232323232324,637,1,599,248
False,0.01,0.01,1000,0.8296296296296296,636,4,596,249
False,0.01,0.05,1000,0.8565656565656565,675,3,597,210
False,0.01,0.05,1000,0.8134680134680135,609,1,599,276
False,0.01,0.05,1000,0.8202020202020202,631,13,587,254
False,0.01,0.05,1000,0.8505050505050505,663,0,600,222
False,0.01,0.05,1000,0.8047138047138047,598,3,597,287
False,0.01,0.05,1000,0.832996632996633,639,2,598,246
False,0.01,0.05,1000,0.8154882154882155,625,14,586,260
False,0.01,0.05,1000,0.826936026936027,633,5,595,252
False,0.01,0.05,1000,0.8505050505050505,664,1,599,221
False,0.01,0.05,1000,0.8303030303030303,634,1,599,251
False,0.01,0.05,1000,0.8276094276094276,629,0,600,256
False,0.01,0.05,1000,0.8464646464646465,659,2,598,226
False,0.01,0.05,1000,0.8397306397306398,649,2,598,236
False,0.01,0.05,1000,0.8282828282828283,630,0,600,255
False,0.01,0.05,1000,0.8444444444444444,658,4,596,227
False,0.01,0.05,1000,0.8262626262626263,633,6,594,252
False,0.01,0.05,1000,0.8397306397306398,649,2,598,236
False,0.01,0.05,1000,0.8619528619528619,682,2,598,203
False,0.01,0.05,1000,0.8303030303030303,638,5,595,247
False,0.01,0.05,1000,0.8074074074074074,604,5,595,281
False,0.01,0.05,1000,0.8013468013468014,609,19,581,276
False,0.01,0.05,1000,0.8538720538720539,668,0,600,217
False,0.01,0.05,1000,0.8498316498316498,666,4,596,219
False,0.01,0.05,1000,0.8363636363636364,644,2,598,241
False,0.01,0.05,1000,0.8249158249158249,626,1,599,259
False,0.01,0.05,1000,0.8168350168350168,629,16,584,256
False,0.01,0.05,1000,0.8141414141414142,615,6,594,270
False,0.01,0.05,1000,0.8222222222222222,628,7,593,257
False,0.01,0.05,1000,0.8356902356902357,653,12,588,232
False,0.01,0.05,1000,0.8289562289562289,631,0,600,254
False,0.01,0.05,1000,0.8323232323232324,637,1,599,248
False,0.01,0.05,1000,0.8087542087542088,603,2,598,282
False,0.01,0.05,1000,0.8202020202020202,621,3,597,264
False,0.01,0.05,1000,0.8464646464646465,663,6,594,222
False,0.01,0.05,1000,0.8013468013468014,598,8,592,287
False,0.01,0.05,1000,0.8410774410774411,657,8,592,228
False,0.01,0.05,1000,0.8437710437710437,654,1,599,231
False,0.01,0.05,1000,0.8235690235690236,628,5,595,257
False,0.01,0.05,1000,0.8457912457912458,656,0,600,229
False,0.01,0.05,1000,0.8323232323232324,636,0,600,249
False,0.01,0.05,1000,0.8424242424242424,653,2,598,232
False,0.01,0.05,1000,0.8242424242424242,625,1,599,260
False,0.01,0.05,1000,0.8296296296296296,640,8,592,245
False,0.01,0.05,1000,0.8309764309764309,636,2,598,249
False,0.01,0.05,1000,0.8309764309764309,634,0,600,251
False,0.01,0.05,1000,0.8491582491582492,678,17,583,207
False,0.01,0.05,1000,0.8424242424242424,653,2,598,232
False,0.01,0.05,1000,0.87003367003367,693,1,599,192
False,0.01,0.05,1000,0.8282828282828283,632,2,598,253
False,0.01,0.05,1000,0.7952861952861953,583,2,598,302
False,0.05,0.01,1000,0.8606060606060606,686,8,592,199
False,0.05,0.01,1000,0.8296296296296296,634,2,598,251
False,0.05,0.01,1000,0.8181818181818181,622,7,593,263
False,0.05,0.01,1000,0.8013468013468014,631,41,559,254
False,0.05,0.01,1000,0.7973063973063973,602,18,582,283
False,0.05,0.01,1000,0.8471380471380472,662,4,596,223
False,0.05,0.01,1000,0.8114478114478114,608,3,597,277
False,0.05,0.01,1000,0.7973063973063973,597,13,587,288
False,0.05,0.01,1000,0.7986531986531986,593,7,593,292
False,0.05,0.01,1000,0.8343434343434344,639,0,600,246
False,0.05,0.01,1000,0.8087542087542088,608,7,593,277
False,0.05,0.01,1000,0.8242424242424242,637,13,587,248
False,0.05,0.01,1000,0.8309764309764309,640,6,594,245
False,0.05,0.01,1000,0.8511784511784511,666,2,598,219
False,0.05,0.01,1000,0.8242424242424242,625,1,599,260
False,0.05,0.01,1000,0.8430976430976431,654,2,598,231
False,0.05,0.01,1000,0.8094276094276094,620,18,582,265
False,0.05,0.01,1000,0.8020202020202021,607,16,584,278
False,0.05,0.01,1000,0.8208754208754209,621,2,598,264
False,0.05,0.01,1000,0.8457912457912458,657,1,599,228
False,0.05,0.01,1000,0.7946127946127945,616,36,564,269
False,0.05,0.01,1000,0.8545454545454545,670,1,599,215
False,0.05,0.01,1000,0.8451178451178452,656,1,599,229
False,0.05,0.01,1000,0.8161616161616162,632,20,580,253
False,0.05,0.01,1000,0.8612794612794613,679,0,600,206
False,0.05,0.01,1000,0.8457912457912458,662,6,594,223
False,0.05,0.01,1000,0.863973063973064,689,6,594,196
False,0.05,0.01,1000,0.8215488215488216,622,2,598,263
False,0.05,0.01,1000,0.8289562289562289,650,19,581,235
False,0.05,0.01,1000,0.8383838383838383,645,0,600,240
False,0.05,0.01,1000,0.8451178451178452,660,5,595,225
False,0.05,0.01,1000,0.8228956228956229,630,8,592,255
False,0.05,0.01,1000,0.8437710437710437,654,1,599,231
False,0.05,0.01,1000,0.8114478114478114,619,14,586,266
False,0.05,0.01,1000,0.8444444444444444,654,0,600,231
False,0.05,0.01,1000,0.7912457912457913,591,16,584,294
False,0.05,0.01,1000,0.8356902356902357,646,5,595,239
False,0.05,0.01,1000,0.8047138047138047,598,3,597,287
False,0.05,0.01,1000,0.8363636363636364,653,11,589,232
False,0.05,0.01,1000,0.8262626262626263,637,10,590,248
False,0.05,0.01,1000,0.8107744107744108,612,8,592,273
False,0.05,0.01,1000,0.8006734006734006,599,10,590,286
False,0.05,0.01,1000,0.7952861952861953,612,31,569,273
False,0.05,0.01,1000,0.8525252525252525,666,0,600,219
False,0.05,0.01,1000,0.8383838383838383,646,1,599,239
False,0.05,0.01,1000,0.8383838383838383,651,6,594,234
False,0.05,0.01,1000,0.8430976430976431,653,1,599,232
False,0.05,0.01,1000,0.8228956228956229,624,2,598,261
False,0.05,0.01,1000,0.8255892255892257,631,5,595,254
False,0.05,0.01,1000,0.8006734006734006,617,28,572,268
False,0.05,0.05,1000,0.8235690235690236,634,11,589,251
False,0.05,0.05,1000,0.7946127946127945,601,21,579,284
False,0.05,0.05,1000,0.8336700336700337,638,0,600,247
False,0.05,0.05,1000,0.8215488215488216,620,0,600,265
False,0.05,0.05,1000,0.8228956228956229,625,3,597,260
False,0.05,0.05,1000,0.8208754208754209,622,3,597,263
False,0.05,0.05,1000,0.7212121212121212,550,79,521,335
False,0.05,0.05,1000,0.703030303030303,524,80,520,361
False,0.05,0.05,1000,0.8053872053872053,604,8,592,281
False,0.05,0.05,1000,0.7582491582491583,545,19,581,340
False,0.05,0.05,1000,0.806060606060606,614,17,583,271
False,0.05,0.05,1000,0.837037037037037,643,0,600,242
False,0.05,0.05,1000,0.8356902356902357,645,4,596,240
False,0.05,0.05,1000,0.8222222222222222,626,5,595,259
False,0.05,0.05,1000,0.8686868686868687,693,3,597,192
False,0.05,0.05,1000,0.8148148148148149,618,8,592,267
False,0.05,0.05,1000,0.8545454545454545,673,4,596,212
False,0.05,0.05,1000,0.7932659932659932,617,39,561,268
False,0.05,0.05,1000,0.8276094276094276,640,11,589,245
False,0.05,0.05,1000,0.8127946127946128,618,11,589,267
False,0.05,0.05,1000,0.8175084175084175,616,2,598,269
False,0.05,0.05,1000,0.8383838383838383,646,1,599,239
False,0.05,0.05,1000,0.826936026936027,629,1,599,256
False,0.05,0.05,1000,0.8457912457912458,658,2,598,227
False,0.05,0.05,1000,0.804040404040404,627,33,567,258
False,0.05,0.05,1000,0.8080808080808081,604,4,596,281
False,0.05,0.05,1000,0.826936026936027,631,3,597,254
False,0.05,0.05,1000,0.8262626262626263,634,7,593,251
False,0.05,0.05,1000,0.8343434343434344,651,12,588,234
False,0.05,0.05,1000,0.8195286195286196,629,12,588,256
False,0.05,0.05,1000,0.8397306397306398,649,2,598,236
False,0.05,0.05,1000,0.8255892255892257,628,2,598,257
False,0.05,0.05,1000,0.7898989898989899,590,17,583,295
False,0.05,0.05,1000,0.7858585858585858,612,45,555,273
False,0.05,0.05,1000,0.837037037037037,645,2,598,240
False,0.05,0.05,1000,0.7966329966329966,601,18,582,284
False,0.05,0.05,1000,0.8242424242424242,633,9,591,252
False,0.05,0.05,1000,0.775084175084175,587,36,564,298
False,0.05,0.05,1000,0.8188552188552188,616,0,600,269
False,0.05,0.05,1000,0.8202020202020202,623,5,595,262
False,0.05,0.05,1000,0.7932659932659932,592,14,586,293
False,0.05,0.05,1000,0.863973063973064,685,2,598,200
False,0.05,0.05,1000,0.8141414141414142,613,4,596,272
False,0.05,0.05,1000,0.7737373737373737,578,29,571,307
False,0.05,0.05,1000,0.8437710437710437,659,6,594,226
False,0.05,0.05,1000,0.7912457912457913,579,4,596,306
False,0.05,0.05,1000,0.771043771043771,569,24,576,316
False,0.05,0.05,1000,0.8336700336700337,648,10,590,237
False,0.05,0.05,1000,0.8195286195286196,618,1,599,267
False,0.05,0.05,1000,0.8175084175084175,621,7,593,264
False,0.01,0.01,2000,0.8808080808080808,714,6,594,171
False,0.01,0.01,2000,0.9003367003367003,740,3,597,145
False,0.01,0.01,2000,0.8983164983164983,735,1,599,150
False,0.01,0.01,2000,0.907070707070707,747,0,600,138
False,0.01,0.01,2000,0.9104377104377104,754,2,598,131
False,0.01,0.01,2000,0.9158249158249159,761,1,599,124
False,0.01,0.01,2000,0.8936026936026936,729,2,598,156
False,0.01,0.01,2000,0.8902356902356903,727,5,595,158
False,0.01,0.01,2000,0.9023569023569024,744,4,596,141
False,0.01,0.01,2000,0.8888888888888888,720,0,600,165
False,0.01,0.01,2000,0.8895622895622896,721,0,600,164
False,0.01,0.01,2000,0.8882154882154882,730,11,589,155
False,0.01,0.01,2000,0.8801346801346801,716,9,591,169
False,0.01,0.01,2000,0.8976430976430977,734,1,599,151
False,0.01,0.01,2000,0.8929292929292929,729,3,597,156
False,0.01,0.01,2000,0.8942760942760943,729,1,599,156
False,0.01,0.01,2000,0.8686868686868687,694,4,596,191
False,0.01,0.01,2000,0.9185185185185185,764,0,600,121
False,0.01,0.01,2000,0.9111111111111111,754,1,599,131
False,0.01,0.01,2000,0.8929292929292929,726,0,600,159
False,0.01,0.01,2000,0.8888888888888888,727,7,593,158
False,0.01,0.01,2000,0.8922558922558923,728,3,597,157
False,0.01,0.01,2000,0.8976430976430977,738,5,595,147
False,0.01,0.01,2000,0.9090909090909091,754,4,596,131
False,0.01,0.01,2000,0.8720538720538721,706,11,589,179
False,0.01,0.01,2000,0.8902356902356903,731,9,591,154
False,0.01,0.01,2000,0.8976430976430977,735,2,598,150
False,0.01,0.01,2000,0.8848484848484849,715,1,599,170
False,0.01,0.01,2000,0.907070707070707,747,0,600,138
False,0.01,0.01,2000,0.9084175084175085,751,2,598,134
False,0.01,0.01,2000,0.8841750841750842,722,9,591,163
False,0.01,0.01,2000,0.8835016835016835,734,22,578,151
False,0.01,0.01,2000,0.9104377104377104,754,2,598,131
False,0.01,0.01,2000,0.9057239057239057,751,6,594,134
False,0.01,0.01,2000,0.9030303030303031,747,6,594,138
False,0.01,0.01,2000,0.8821548821548821,717,7,593,168
False,0.01,0.01,2000,0.8983164983164983,735,1,599,150
False,0.01,0.01,2000,0.8794612794612795,709,3,597,176
False,0.01,0.01,2000,0.8949494949494949,729,0,600,156
False,0.01,0.01,2000,0.8868686868686868,726,9,591,159
False,0.01,0.01,2000,0.8841750841750842,714,1,599,171
False,0.01,0.01,2000,0.8996632996632996,737,1,599,148
False,0.01,0.01,2000,0.8909090909090909,725,2,598,160
False,0.01,0.01,2000,0.8828282828282829,723,12,588,162
False,0.01,0.01,2000,0.8808080808080808,708,0,600,177
False,0.01,0.01,2000,0.907070707070707,750,3,597,135
False,0.01,0.01,2000,0.9164983164983165,763,2,598,122
False,0.01,0.01,2000,0.8915824915824916,727,3,597,158
False,0.01,0.01,2000,0.8949494949494949,731,2,598,154
False,0.01,0.01,2000,0.8956228956228957,731,1,599,154
False,0.01,0.05,2000,0.8922558922558923,730,5,595,155
False,0.01,0.05,2000,0.9131313131313131,758,2,598,127
False,0.01,0.05,2000,0.8942760942760943,728,0,600,157
False,0.01,0.05,2000,0.9037037037037037,743,1,599,142
False,0.01,0.05,2000,0.9043771043771044,745,2,598,140
False,0.01,0.05,2000,0.8882154882154882,722,3,597,163
False,0.01,0.05,2000,0.8814814814814815,719,10,590,166
False,0.01,0.05,2000,0.9124579124579124,760,5,595,125
False,0.01,0.05,2000,0.8962962962962963,741,10,590,144
False,0.01,0.05,2000,0.8976430976430977,733,0,600,152
False,0.01,0.05,2000,0.9043771043771044,753,10,590,132
False,0.01,0.05,2000,0.8835016835016835,713,1,599,172
False,0.01,0.05,2000,0.8976430976430977,736,3,597,149
False,0.01,0.05,2000,0.9023569023569024,746,6,594,139
False,0.01,0.05,2000,0.8902356902356903,725,3,597,160
False,0.01,0.05,2000,0.9063973063973064,753,7,593,132
False,0.01,0.05,2000,0.8794612794612795,719,13,587,166
False,0.01,0.05,2000,0.8895622895622896,722,1,599,163
False,0.01,0.05,2000,0.9158249158249159,760,0,600,125
False,0.01,0.05,2000,0.9016835016835016,740,1,599,145
False,0.01,0.05,2000,0.9077441077441077,748,0,600,137
False,0.01,0.05,2000,0.8915824915824916,726,2,598,159
False,0.01,0.05,2000,0.8895622895622896,731,10,590,154
False,0.01,0.05,2000,0.9050505050505051,762,18,582,123
False,0.01,0.05,2000,0.8868686868686868,737,20,580,148
False,0.01,0.05,2000,0.9016835016835016,741,2,598,144
False,0.01,0.05,2000,0.8814814814814815,720,11,589,165
False,0.01,0.05,2000,0.9003367003367003,740,3,597,145
False,0.01,0.05,2000,0.9023569023569024,744,4,596,141
False,0.01,0.05,2000,0.9077441077441077,759,11,589,126
False,0.01,0.05,2000,0.8794612794612795,715,9,591,170
False,0.01,0.05,2000,0.896969696969697,738,6,594,147
False,0.01,0.05,2000,0.8909090909090909,723,0,600,162
False,0.01,0.05,2000,0.9050505050505051,748,4,596,137
False,0.01,0.05,2000,0.9023569023569024,740,0,600,145
False,0.01,0.05,2000,0.8888888888888888,730,10,590,155
False,0.01,0.05,2000,0.8942760942760943,729,1,599,156
False,0.01,0.05,2000,0.8841750841750842,713,0,600,172
False,0.01,0.05,2000,0.9016835016835016,740,1,599,145
False,0.01,0.05,2000,0.863973063973064,691,8,592,194
False,0.01,0.05,2000,0.9016835016835016,744,5,595,141
False,0.01,0.05,2000,0.896969696969697,738,6,594,147
False,0.01,0.05,2000,0.8909090909090909,739,16,584,146
False,0.01,0.05,2000,0.898989898989899,742,7,593,143
False,0.01,0.05,2000,0.8868686868686868,721,4,596,164
False,0.01,0.05,2000,0.8882154882154882,720,1,599,165
False,0.01,0.05,2000,0.8909090909090909,723,0,600,162
False,0.01,0.05,2000,0.8814814814814815,715,6,594,170
False,0.01,0.05,2000,0.8956228956228957,732,2,598,153
False,0.01,0.05,2000,0.8922558922558923,731,6,594,154
False,0.05,0.01,2000,0.8848484848484849,717,3,597,168
False,0.05,0.01,2000,0.8976430976430977,740,7,593,145
False,0.05,0.01,2000,0.8835016835016835,724,12,588,161
False,0.05,0.01,2000,0.8841750841750842,720,7,593,165
False,0.05,0.01,2000,0.8915824915824916,729,5,595,156
False,0.05,0.01,2000,0.898989898989899,737,2,598,148
False,0.05,0.01,2000,0.9057239057239057,747,2,598,138
False,0.05,0.01,2000,0.8909090909090909,736,13,587,149
False,0.05,0.01,2000,0.8646464646464647,715,31,569,170
False,0.05,0.01,2000,0.8020202020202021,679,88,512,206
False,0.05,0.01,2000,0.8814814814814815,712,3,597,173
False,0.05,0.01,2000,0.9016835016835016,741,2,598,144
False,0.05,0.01,2000,0.901010101010101,750,12,588,135
False,0.05,0.01,2000,0.9198653198653198,767,1,599,118
False,0.05,0.01,2000,0.901010101010101,740,2,598,145
False,0.05,0.01,2000,0.868013468013468,692,3,597,193
False,0.05,0.01,2000,0.876094276094276,713,12,588,172
False,0.05,0.01,2000,0.8707070707070708,696,3,597,189
False,0.05,0.01,2000,0.8942760942760943,738,10,590,147
False,0.05,0.01,2000,0.8942760942760943,730,2,598,155
False,0.05,0.01,2000,0.8801346801346801,712,5,595,173
False,0.05,0.01,2000,0.8882154882154882,733,14,586,152
False,0.05,0.01,2000,0.8909090909090909,727,4,596,158
False,0.05,0.01,2000,0.8585858585858586,703,28,572,182
False,0.05,0.01,2000,0.901010101010101,746,8,592,139
False,0.05,0.01,2000,0.8774410774410775,710,7,593,175
False,0.05,0.01,2000,0.8983164983164983,735,1,599,150
False,0.05,0.01,2000,0.8518518518518519,667,2,598,218
False,0.05,0.01,2000,0.8228956228956229,708,86,514,177
False,0.05,0.01,2000,0.8841750841750842,720,7,593,165
False,0.05,0.01,2000,0.9023569023569024,742,2,598,143
False,0.05,0.01,2000,0.8936026936026936,727,0,600,158
False,0.05,0.01,2000,0.8585858585858586,702,27,573,183
False,0.05,0.01,2000,0.8915824915824916,724,0,600,161
False,0.05,0.01,2000,0.8875420875420875,726,8,592,159
False,0.05,0.01,2000,0.8666666666666667,717,30,570,168
False,0.05,0.01,2000,0.901010101010101,749,11,589,136
False,0.05,0.01,2000,0.8976430976430977,734,1,599,151
False,0.05,0.01,2000,0.8855218855218855,717,2,598,168
False,0.05,0.01,2000,0.9178451178451178,765,2,598,120
False,0.05,0.01,2000,0.8848484848484849,715,1,599,170
False,0.05,0.01,2000,0.8848484848484849,718,4,596,167
False,0.05,0.01,2000,0.8868686868686868,722,5,595,163
False,0.05,0.01,2000,0.9016835016835016,746,7,593,139
False,0.05,0.01,2000,0.8673400673400673,697,9,591,188
False,0.05,0.01,2000,0.8942760942760943,728,0,600,157
False,0.05,0.01,2000,0.9077441077441077,749,1,599,136
False,0.05,0.01,2000,0.9037037037037037,756,14,586,129
False,0.05,0.01,2000,0.8929292929292929,730,4,596,155
False,0.05,0.01,2000,0.9151515151515152,761,2,598,124
False,0.05,0.05,2000,0.8457912457912458,689,33,567,196
False,0.05,0.05,2000,0.8841750841750842,713,0,600,172
False,0.05,0.05,2000,0.835016835016835,665,25,575,220
False,0.05,0.05,2000,0.8841750841750842,721,8,592,164
False,0.05,0.05,2000,0.8127946127946128,703,96,504,182
False,0.05,0.05,2000,0.8498316498316498,694,32,568,191
False,0.05,0.05,2000,0.8962962962962963,731,0,600,154
False,0.05,0.05,2000,0.8895622895622896,738,17,583,147
False,0.05,0.05,2000,0.8882154882154882,725,6,594,160
False,0.05,0.05,2000,0.7973063973063973,677,93,507,208
False,0.05,0.05,2000,0.8821548821548821,712,2,598,173
False,0.05,0.05,2000,0.8390572390572391,706,60,540,179
False,0.05,0.05,2000,0.8929292929292929,726,0,600,159
False,0.05,0.05,2000,0.8437710437710437,723,70,530,162
False,0.05,0.05,2000,0.8592592592592593,696,20,580,189
False,0.05,0.05,2000,0.8646464646464647,702,18,582,183
False,0.05,0.05,2000,0.8713804713804714,709,15,585,176
False,0.05,0.05,2000,0.8707070707070708,711,18,582,174
False,0.05,0.05,2000,0.7824915824915825,644,82,518,241
False,0.05,0.05,2000,0.9084175084175085,751,2,598,134
False,0.05,0.05,2000,0.8734006734006734,710,13,587,175
False,0.05,0.05,2000,0.8195286195286196,674,57,543,211
False,0.05,0.05,2000,0.8956228956228957,737,7,593,148
False,0.05,0.05,2000,0.9057239057239057,753,8,592,132
False,0.05,0.05,2000,0.8835016835016835,722,10,590,163
False,0.05,0.05,2000,0.9097643097643098,753,2,598,132
False,0.05,0.05,2000,0.8922558922558923,727,2,598,158
False,0.05,0.05,2000,0.8094276094276094,670,68,532,215
False,0.05,0.05,2000,0.8996632996632996,737,1,599,148
False,0.05,0.05,2000,0.8909090909090909,723,0,600,162
False,0.05,0.05,2000,0.8606060606060606,698,20,580,187
False,0.05,0.05,2000,0.8868686868686868,719,2,598,166
False,0.05,0.05,2000,0.9016835016835016,739,0,600,146
False,0.05,0.05,2000,0.8983164983164983,736,2,598,149
False,0.05,0.05,2000,0.8835016835016835,721,9,591,164
False,0.05,0.05,2000,0.8848484848484849,714,0,600,171
False,0.05,0.05,2000,0.8282828282828283,686,56,544,199
False,0.05,0.05,2000,0.8936026936026936,729,2,598,156
False,0.05,0.05,2000,0.9104377104377104,755,3,597,130
False,0.05,0.05,2000,0.9084175084175085,752,3,597,133
False,0.05,0.05,2000,0.8572390572390572,696,23,577,189
False,0.05,0.05,2000,0.8074074074074074,681,82,518,204
False,0.05,0.05,2000,0.85993265993266,691,14,586,194
False,0.05,0.05,2000,0.8855218855218855,718,3,597,167
False,0.05,0.05,2000,0.8673400673400673,710,22,578,175
False,0.05,0.05,2000,0.8707070707070708,701,8,592,184
False,0.05,0.05,2000,0.9090909090909091,751,1,599,134
False,0.05,0.05,2000,0.8774410774410775,715,12,588,170
False,0.05,0.05,2000,0.8929292929292929,729,3,597,156
False,0.05,0.05,2000,0.9037037037037037,751,9,591,134
False,0.01,0.01,10000,0.9353535353535354,804,15,585,81
False,0.01,0.01,10000,0.9777777777777777,855,3,597,30
False,0.01,0.01,10000,0.9696969696969697,848,8,592,37
False,0.01,0.01,10000,0.9508417508417508,814,2,598,71
False,0.01,0.01,10000,0.9744107744107744,847,0,600,38
False,0.01,0.01,10000,0.9434343434343434,803,2,598,82
False,0.01,0.01,10000,0.9528619528619529,821,6,594,64
False,0.01,0.01,10000,0.9218855218855219,779,10,590,106
False,0.01,0.01,10000,0.9777777777777777,858,6,594,27
False,0.01,0.01,10000,0.9198653198653198,770,4,596,115
False,0.01,0.01,10000,0.9373737373737374,795,3,597,90
False,0.01,0.01,10000,0.9575757575757575,840,18,582,45
False,0.01,0.01,10000,0.9595959595959596,825,0,600,60
False,0.01,0.01,10000,0.9575757575757575,825,3,597,60
False,0.01,0.01,10000,0.958922558922559,826,2,598,59
False,0.01,0.01,10000,0.9420875420875421,800,1,599,85
False,0.01,0.01,10000,0.9535353535353536,820,4,596,65
False,0.01,0.01,10000,0.9616161616161616,829,1,599,56
False,0.01,0.01,10000,0.9582491582491582,823,0,600,62
False,0.01,0.01,10000,0.9636363636363636,833,2,598,52
False,0.01,0.01,10000,0.9286195286195287,781,2,598,104
False,0.01,0.01,10000,0.9171717171717172,762,0,600,123
False,0.01,0.01,10000,0.9663299663299664,835,0,600,50
False,0.01,0.01,10000,0.962962962962963,843,13,587,42
False,0.01,0.01,10000,0.9616161616161616,829,1,599,56
False,0.01,0.01,10000,0.9676767676767677,837,0,600,48
False,0.01,0.01,10000,0.9717171717171718,851,8,592,34
False,0.01,0.01,10000,0.9872053872053872,869,3,597,16
False,0.01,0.01,10000,0.9528619528619529,815,0,600,70
False,0.01,0.01,10000,0.9420875420875421,800,1,599,85
False,0.01,0.01,10000,0.9171717171717172,765,3,597,120
False,0.01,0.01,10000,0.9548821548821549,819,1,599,66
False,0.01,0.01,10000,0.9515151515151515,822,9,591,63
False,0.01,0.01,10000,0.9717171717171718,844,1,599,41
False,0.01,0.01,10000,0.936026936026936,791,1,599,94
False,0.01,0.01,10000,0.971043771043771,846,4,596,39
False,0.01,0.01,10000,0.927946127946128,786,8,592,99
False,0.01,0.01,10000,0.9602693602693603,829,3,597,56
False,0.01,0.01,10000,0.9474747474747475,808,1,599,77
False,0.01,0.01,10000,0.9447811447811448,804,1,599,81
False,0.01,0.01,10000,0.9077441077441077,750,2,598,135
False,0.01,0.01,10000,0.9212121212121213,770,2,598,115
False,0.01,0.01,10000,0.9575757575757575,825,3,597,60
False,0.01,0.01,10000,0.9744107744107744,860,13,587,25
False,0.01,0.01,10000,0.8976430976430977,739,6,594,146
False,0.01,0.01,10000,0.9824915824915825,861,2,598,24
False,0.01,0.01,10000,0.971043771043771,843,1,599,42
False,0.01,0.01,10000,0.969023569023569,844,5,595,41
False,0.01,0.01,10000,0.94006734006734,802,6,594,83
False,0.01,0.01,10000,0.9649831649831649,834,1,599,51
False,0.01,0.05,10000,0.969023569023569,844,5,595,41
False,0.01,0.05,10000,0.9488215488215488,810,1,599,75
False,0.01,0.05,10000,0.9595959595959596,825,0,600,60
False,0.01,0.05,10000,0.8882154882154882,732,13,587,153
False,0.01,0.05,10000,0.9232323232323232,773,2,598,112
False,0.01,0.05,10000,0.9636363636363636,832,1,599,53
False,0.01,0.05,10000,0.9420875420875421,805,6,594,80
False,0.01,0.05,10000,0.9717171717171718,854,11,589,31
False,0.01,0.05,10000,0.9441077441077441,808,6,594,77
False,0.01,0.05,10000,0.9696969696969697,841,1,599,44
False,0.01,0.05,10000,0.9703703703703703,841,0,600,44
False,0.01,0.05,10000,0.9622895622895623,830,1,599,55
False,0.01,0.05,10000,0.9077441077441077,767,19,581,118
False,0.01,0.05,10000,0.9171717171717172,768,6,594,117
False,0.01,0.05,10000,0.9569023569023569,829,8,592,56
False,0.01,0.05,10000,0.9730639730639731,850,5,595,35
False,0.01,0.05,10000,0.8996632996632996,740,4,596,145
False,0.01,0.05,10000,0.9030303030303031,743,2,598,142
False,0.01,0.05,10000,0.94006734006734,798,2,598,87
False,0.01,0.05,10000,0.9131313131313131,763,7,593,122
False,0.01,0.05,10000,0.9198653198653198,767,1,599,118
False,0.01,0.05,10000,0.9595959595959596,829,4,596,56
False,0.01,0.05,10000,0.960942760942761,833,6,594,52
False,0.01,0.05,10000,0.9104377104377104,755,3,597,130
False,0.01,0.05,10000,0.9784511784511785,855,2,598,30
False,0.01,0.05,10000,0.9515151515151515,817,4,596,68
False,0.01,0.05,10000,0.9164983164983165,762,1,599,123
False,0.01,0.05,10000,0.9542087542087542,821,4,596,64
False,0.01,0.05,10000,0.9367003367003367,795,4,596,90
False,0.01,0.05,10000,0.9542087542087542,817,0,600,68
False,0.01,0.05,10000,0.9535353535353536,820,4,596,65
False,0.01,0.05,10000,0.962962962962963,834,4,596,51
False,0.01,0.05,10000,0.9676767676767677,842,5,595,43
False,0.01,0.05,10000,0.9542087542087542,828,11,589,57
False,0.01,0.05,10000,0.9185185185185185,768,4,596,117
False,0.01,0.05,10000,0.967003367003367,844,8,592,41
False,0.01,0.05,10000,0.9037037037037037,745,3,597,140
False,0.01,0.05,10000,0.9723905723905724,848,4,596,37
False,0.01,0.05,10000,0.9306397306397306,790,8,592,95
False,0.01,0.05,10000,0.9595959595959596,825,0,600,60
False,0.01,0.05,10000,0.9501683501683502,819,8,592,66
False,0.01,0.05,10000,0.9434343434343434,801,0,600,84
False,0.01,0.05,10000,0.958922558922559,827,3,597,58
False,0.01,0.05,10000,0.9683501683501683,838,0,600,47
False,0.01,0.05,10000,0.9474747474747475,816,9,591,69
False,0.01,0.05,10000,0.9441077441077441,805,3,597,80
False,0.01,0.05,10000,0.9164983164983165,766,5,595,119
False,0.01,0.05,10000,0.9259259259259259,791,16,584,94
False,0.01,0.05,10000,0.9508417508417508,815,3,597,70
False,0.01,0.05,10000,0.9144781144781144,765,7,593,120
False,0.05,0.01,10000,0.9191919191919192,806,41,559,79
False,0.05,0.01,10000,0.9744107744107744,870,23,577,15
False,0.05,0.01,10000,0.9676767676767677,843,6,594,42
False,0.05,0.01,10000,0.9178451178451178,827,64,536,58
False,0.05,0.01,10000,0.8646464646464647,737,53,547,148
False,0.05,0.01,10000,0.8962962962962963,739,8,592,146
False,0.05,0.01,10000,0.8808080808080808,838,130,470,47
False,0.05,0.01,10000,0.9306397306397306,822,40,560,63
False,0.05,0.01,10000,0.9461279461279462,839,34,566,46
False,0.05,0.01,10000,0.9117845117845118,767,13,587,118
False,0.05,0.01,10000,0.9218855218855219,771,2,598,114
False,0.05,0.01,10000,0.9703703703703703,844,3,597,41
False,0.05,0.01,10000,0.9111111111111111,838,85,515,47
False,0.05,0.01,10000,0.8996632996632996,823,87,513,62
False,0.05,0.01,10000,0.9824915824915825,861,2,598,24
False,0.05,0.01,10000,0.9494949494949495,814,4,596,71
False,0.05,0.01,10000,0.9265993265993266,804,28,572,81
False,0.05,0.01,10000,0.8861952861952862,797,81,519,88
False,0.05,0.01,10000,0.896969696969697,755,23,577,130
False,0.05,0.01,10000,0.9171717171717172,764,2,598,121
False,0.05,0.01,10000,0.9151515151515152,777,18,582,108
False,0.05,0.01,10000,0.9501683501683502,823,12,588,62
False,0.05,0.01,10000,0.9272727272727272,811,34,566,74
False,0.05,0.01,10000,0.9313131313131313,869,86,514,16
False,0.05,0.01,10000,0.9528619528619529,821,6,594,64
False,0.05,0.01,10000,0.9434343434343434,840,39,561,45
False,0.05,0.01,10000,0.9784511784511785,853,0,600,32
False,0.05,0.01,10000,0.98989898989899,872,2,598,13
False,0.05,0.01,10000,0.960942760942761,849,22,578,36
False,0.05,0.01,10000,0.9569023569023569,848,27,573,37
False,0.05,0.01,10000,0.958922558922559,825,1,599,60
False,0.05,0.01,10000,0.8868686868686868,815,98,502,70
False,0.05,0.01,10000,0.9771043771043771,869,18,582,16
False,0.05,0.01,10000,0.9649831649831649,834,1,599,51
False,0.05,0.01,10000,0.9373737373737374,822,30,570,63
False,0.05,0.01,10000,0.9225589225589226,848,78,522,37
False,0.05,0.01,10000,0.9602693602693603,839,13,587,46
False,0.05,0.01,10000,0.9569023569023569,846,25,575,39
False,0.05,0.01,10000,0.9569023569023569,823,2,598,62
False,0.05,0.01,10000,0.868013468013468,735,46,554,150
False,0.05,0.01,10000,0.9447811447811448,807,4,596,78
False,0.05,0.01,10000,0.9925925925925926,874,0,600,11
False,0.05,0.01,10000,0.9164983164983165,782,21,579,103
False,0.05,0.01,10000,0.9151515151515152,760,1,599,125
False,0.05,0.01,10000,0.9595959595959596,848,23,577,37
False,0.05,0.01,10000,0.9656565656565657,846,12,588,39
False,0.05,0.01,10000,0.927946127946128,778,0,600,107
False,0.05,0.01,10000,0.938047138047138,810,17,583,75
False,0.05,0.01,10000,0.9885521885521885,874,6,594,11
False,0.05,0.01,10000,0.9441077441077441,804,2,598,81
False,0.05,0.05,10000,0.934006734006734,799,12,588,86
False,0.05,0.05,10000,0.9515151515151515,862,49,551,23
False,0.05,0.05,10000,0.8814814814814815,775,66,534,110
False,0.05,0.05,10000,0.9582491582491582,845,22,578,40
False,0.05,0.05,10000,0.9090909090909091,785,35,565,100
False,0.05,0.05,10000,0.9649831649831649,837,4,596,48
False,0.05,0.05,10000,0.8976430976430977,808,75,525,77
False,0.05,0.05,10000,0.9696969696969697,846,6,594,39
False,0.05,0.05,10000,0.936026936026936,807,17,583,78
False,0.05,0.05,10000,0.9063973063973064,782,36,564,103
False,0.05,0.05,10000,0.9441077441077441,805,3,597,80
False,0.05,0.05,10000,0.9656565656565657,846,12,588,39
False,0.05,0.05,10000,0.9164983164983165,765,4,596,120
False,0.05,0.05,10000,0.8754208754208754,764,64,536,121
False,0.05,0.05,10000,0.9313131313131313,839,56,544,46
False,0.05,0.05,10000,0.8484848484848485,831,171,429,54
False,0.05,0.05,10000,0.9057239057239057,805,60,540,80
False,0.05,0.05,10000,0.9326599326599326,796,11,589,89
False,0.05,0.05,10000,0.8936026936026936,743,16,584,142
False,0.05,0.05,10000,0.8383838383838383,807,162,438,78
False,0.05,0.05,10000,0.9407407407407408,799,2,598,86
False,0.05,0.05,10000,0.8161616161616162,800,188,412,85
False,0.05,0.05,10000,0.837037037037037,763,120,480,122
False,0.05,0.05,10000,0.837037037037037,770,127,473,115
False,0.05,0.05,10000,0.8585858585858586,778,103,497,107
False,0.05,0.05,10000,0.9212121212121213,791,23,577,94
False,0.05,0.05,10000,0.87003367003367,790,98,502,95
False,0.05,0.05,10000,0.9622895622895623,840,11,589,45
False,0.05,0.05,10000,0.9353535353535354,792,3,597,93
False,0.05,0.05,10000,0.8343434343434344,768,129,471,117
False,0.05,0.05,10000,0.938047138047138,804,11,589,81
False,0.05,0.05,10000,0.9326599326599326,823,38,562,62
False,0.05,0.05,10000,0.8821548821548821,751,41,559,134
False,0.05,0.05,10000,0.9117845117845118,823,69,531,62
False,0.05,0.05,10000,0.9824915824915825,872,13,587,13
False,0.05,0.05,10000,0.9306397306397306,797,15,585,88
False,0.05,0.05,10000,0.8976430976430977,793,60,540,92
False,0.05,0.05,10000,0.9393939393939394,796,1,599,89
False,0.05,0.05,10000,0.8875420875420875,763,45,555,122
False,0.05,0.05,10000,0.934006734006734,795,8,592,90
False,0.05,0.05,10000,0.9286195286195287,802,23,577,83
False,0.05,0.05,10000,0.8592592592592593,806,130,470,79
False,0.05,0.05,10000,0.9252525252525252,805,31,569,80
False,0.05,0.05,10000,0.9461279461279462,815,10,590,70
False,0.05,0.05,10000,0.9454545454545454,808,4,596,77
False,0.05,0.05,10000,0.9528619528619529,839,24,576,46
False,0.05,0.05,10000,0.9218855218855219,796,27,573,89
False,0.05,0.05,10000,0.898989898989899,812,77,523,73
False,0.05,0.05,10000,0.9232323232323232,841,70,530,44
False,0.05,0.05,10000,0.8558922558922559,800,129,471,85
True,0,0,200,0.5622895622895623,241,6,594,644
True,0,0,200,0.5542087542087542,227,4,596,658
True,0,0,200,0.5171717171717172,169,1,599,716
True,0,0,200,0.5494949494949495,224,8,592,661
True,0,0,200,0.5468013468013468,215,3,597,670
True,0,0,200,0.534006734006734,197,4,596,688
True,0,0,200,0.5932659932659933,281,0,600,604
True,0,0,200,0.6175084175084176,321,4,596,564
True,0,0,200,0.5555555555555556,226,1,599,659
True,0,0,200,0.5582491582491582,229,0,600,656
True,0,0,200,0.5925925925925926,280,0,600,605
True,0,0,200,0.5111111111111111,160,1,599,725
True,0,0,200,0.5232323232323233,180,3,597,705
True,0,0,200,0.5818181818181818,265,1,599,620
True,0,0,200,0.61010101010101,306,0,600,579
True,0,0,200,0.5420875420875421,207,2,598,678
True,0,0,200,0.6383838383838384,353,5,595,532
True,0,0,200,0.6053872053872054,299,0,600,586
True,0,0,200,0.5353535353535354,196,1,599,689
True,0,0,200,0.5097643097643098,159,2,598,726
True,0,0,200,0.5508417508417509,221,3,597,664
True,0,0,200,0.6249158249158249,328,0,600,557
True,0,0,200,0.5683501683501684,245,1,599,640
True,0,0,200,0.5757575757575757,256,1,599,629
True,0,0,200,0.5649831649831649,239,0,600,646
True,0,0,200,0.5555555555555556,234,9,591,651
True,0,0,200,0.5602693602693603,233,1,599,652
True,0,0,200,0.5979797979797981,292,4,596,593
True,0,0,200,0.5117845117845118,160,0,600,725
True,0,0,200,0.5387205387205387,210,10,590,675
True,0,0,200,0.5643097643097643,238,0,600,647
True,0,0,200,0.52996632996633,188,1,599,697
True,0,0,200,0.5952861952861953,284,0,600,601
True,0,0,200,0.5346801346801346,206,12,588,679
True,0,0,200,0.61010101010101,307,1,599,578
True,0,0,200,0.5111111111111111,165,6,594,720
True,0,0,200,0.5589225589225589,232,2,598,653
True,0,0,200,0.5501683501683502,220,3,597,665
True,0,0,200,0.5892255892255892,283,8,592,602
True,0,0,200,0.5205387205387205,174,1,599,711
True,0,0,200,0.5117845117845118,160,0,600,725
True,0,0,200,0.5649831649831649,248,9,591,637
True,0,0,200,0.5602693602693603,232,0,600,653
True,0,0,200,0.5326599326599326,193,2,598,692
True,0,0,200,0.573063973063973,253,2,598,632
True,0,0,200,0.5191919191919192,181,10,590,704
True,0,0,200,0.5966329966329966,287,1,599,598
True,0,0,200,0.5885521885521885,280,6,594,605
True,0,0,200,0.5649831649831649,239,0,600,646
True,0,0,200,0.5447811447811448,209,0,600,676
True,0.1,0,200,0.569023569023569,262,17,583,623
True,0.1,0,200,0.6127946127946128,314,4,596,571
True,0.1,0,200,0.5636363636363637,239,2,598,646
True,0.1,0,200,0.5717171717171717,261,12,588,624
True,0.1,0,200,0.560942760942761,240,7,593,645
True,0.1,0,200,0.6316498316498316,338,0,600,547
True,0.1,0,200,0.5622895622895623,238,3,597,647
True,0.1,0,200,0.534006734006734,195,2,598,690
True,0.1,0,200,0.5858585858585859,274,4,596,611
True,0.1,0,200,0.5905723905723905,282,5,595,603
True,0.1,0,200,0.5367003367003367,198,1,599,687
True,0.1,0,200,0.6282828282828283,335,2,598,550
True,0.1,0,200,0.5804713804713805,271,9,591,614
True,0.1,0,200,0.6552188552188551,375,2,598,510
True,0.1,0,200,0.5555555555555556,229,4,596,656
True,0.1,0,200,0.5898989898989899,276,0,600,609
True,0.1,0,200,0.5407407407407407,212,9,591,673
True,0.1,0,200,0.5595959595959596,245,14,586,640
True,0.1,0,200,0.5966329966329966,301,15,585,584
True,0.1,0,200,0.5636363636363637,242,5,595,643
True,0.1,0,200,0.602020202020202,295,1,599,590
True,0.1,0,200,0.5595959595959596,238,7,593,647
True,0.1,0,200,0.571043771043771,249,1,599,636
True,0.1,0,200,0.5057239057239058,155,4,596,730
True,0.1,0,200,0.5656565656565656,244,4,596,641
True,0.1,0,200,0.5474747474747474,222,9,591,663
True,0.1,0,200,0.5838383838383838,275,8,592,610
True,0.1,0,200,0.6060606060606061,302,2,598,583
True,0.1,0,200,0.6161616161616161,317,2,598,568
True,0.1,0,200,0.5003367003367003,161,18,582,724
True,0.1,0,200,0.5481481481481482,217,3,597,668
True,0.1,0,200,0.595959595959596,286,1,599,599
True,0.1,0,200,0.5649831649831649,239,0,600,646
True,0.1,0,200,0.5124579124579125,163,2,598,722
True,0.1,0,200,0.5845117845117845,273,5,595,612
True,0.1,0,200,0.5885521885521885,278,4,596,607
True,0.1,0,200,0.6222222222222222,335,11,589,550
True,0.1,0,200,0.5616161616161617,245,11,589,640
True,0.1,0,200,0.52996632996633,188,1,599,697
True,0.1,0,200,0.560942760942761,236,3,597,649
True,0.1,0,200,0.5986531986531987,302,13,587,583
True,0.1,0,200,0.5542087542087542,242,19,581,643
True,0.1,0,200,0.5932659932659933,282,1,599,603
True,0.1,0,200,0.5481481481481482,218,4,596,667
True,0.1,0,200,0.6134680134680135,312,1,599,573
True,0.1,0,200,0.503030303030303,151,4,596,734
True,0.1,0,200,0.5676767676767677,246,3,597,639
True,0.1,0,200,0.5663299663299664,244,3,597,641
True,0.1,0,200,0.5838383838383838,268,1,599,617
True,0.1,0,200,0.5824915824915825,268,3,597,617
True,0.05,0,200,0.5595959595959596,233,2,598,652
True,0.05,0,200,0.5777777777777777,259,1,599,626
True,0.05,0,200,0.569023569023569,245,0,600,640
True,0.05,0,200,0.6013468013468013,300,7,593,585
True,0.05,0,200,0.5878787878787879,276,3,597,609
True,0.05,0,200,0.531986531986532,190,0,600,695
True,0.05,0,200,0.5521885521885521,225,5,595,660
True,0.05,0,200,0.4861952861952862,124,2,598,761
True,0.05,0,200,0.5602693602693603,235,3,597,650
True,0.05,0,200,0.5723905723905724,257,7,593,628
True,0.05,0,200,0.5683501683501684,261,17,583,624
True,0.05,0,200,0.5360269360269361,196,0,600,689
True,0.05,0,200,0.6107744107744107,316,9,591,569
True,0.05,0,200,0.560942760942761,236,3,597,649
True,0.05,0,200,0.5232323232323233,178,1,599,707
True,0.05,0,200,0.5663299663299664,244,3,597,641
True,0.05,0,200,0.5333333333333333,201,9,591,684
True,0.05,0,200,0.5629629629629629,239,3,597,646
True,0.05,0,200,0.5804713804713805,265,3,597,620
True,0.05,0,200,0.5629629629629629,237,1,599,648
True,0.05,0,200,0.6505050505050505,366,0,600,519
True,0.05,0,200,0.5703703703703704,248,1,599,637
True,0.05,0,200,0.593939393939394,285,3,597,600
True,0.05,0,200,0.5744107744107745,261,8,592,624
True,0.05,0,200,0.5037037037037038,149,1,599,736
True,0.05,0,200,0.6074074074074074,303,1,599,582
True,0.05,0,200,0.5575757575757576,230,2,598,655
True,0.05,0,200,0.5212121212121212,184,10,590,701
True,0.05,0,200,0.5602693602693603,236,4,596,649
True,0.05,0,200,0.6,292,1,599,593
True,0.05,0,200,0.5313131313131313,189,0,600,696
True,0.05,0,200,0.5474747474747474,216,3,597,669
True,0.05,0,200,0.5265993265993266,186,4,596,699
True,0.05,0,200,0.428956228956229,38,1,599,847
True,0.05,0,200,0.4936026936026936,165,32,568,720
True,0.05,0,200,0.6094276094276094,306,1,599,579
True,0.05,0,200,0.6121212121212121,309,0,600,576
True,0.05,0,200,0.5750841750841751,266,12,588,619
True,0.05,0,200,0.5515151515151515,219,0,600,666
True,0.05,0,200,0.6538720538720539,373,2,598,512
True,0.05,0,200,0.591919191919192,279,0,600,606
True,0.05,0,200,0.5393939393939393,211,10,590,674
True,0.05,0,200,0.5777777777777777,263,5,595,622
True,0.05,0,200,0.5265993265993266,204,22,578,681
True,0.05,0,200,0.5582491582491582,235,6,594,650
True,0.05,0,200,0.6175084175084176,318,1,599,567
True,0.05,0,200,0.5932659932659933,291,10,590,594
True,0.05,0,200,0.5481481481481482,217,3,597,668
True,0.05,0,200,0.5434343434343434,233,26,574,652
True,0.05,0,200,0.5831649831649832,275,9,591,610
True,0,0,500,0.7737373737373737,549,0,600,336
True,0,0,500,0.7535353535353535,523,4,596,362
True,0,0,500,0.7548821548821549,530,9,591,355
True,0,0,500,0.7521885521885522,518,1,599,367
True,0,0,500,0.7306397306397306,487,2,598,398
True,0,0,500,0.7225589225589226,474,1,599,411
True,0,0,500,0.7885521885521886,573,2,598,312
True,0,0,500,0.7494949494949494,513,0,600,372
True,0,0,500,0.7171717171717171,466,1,599,419
True,0,0,500,0.7407407407407407,505,5,595,380
True,0,0,500,0.7104377104377104,456,1,599,429
True,0,0,500,0.7252525252525253,477,0,600,408
True,0,0,500,0.7494949494949494,514,1,599,371
True,0,0,500,0.7111111111111111,463,7,593,422
True,0,0,500,0.7427609427609427,503,0,600,382
True,0,0,500,0.6841750841750842,420,4,596,465
True,0,0,500,0.7373737373737373,495,0,600,390
True,0,0,500,0.6956228956228956,434,1,599,451
True,0,0,500,0.6875420875420876,425,4,596,460
True,0,0,500,0.7306397306397306,486,1,599,399
True,0,0,500,0.7521885521885522,519,2,598,366
True,0,0,500,0.7016835016835017,452,10,590,433
True,0,0,500,0.7131313131313131,462,3,597,423
True,0,0,500,0.775084175084175,552,1,599,333
True,0,0,500,0.7185185185185186,474,7,593,411
True,0,0,500,0.7326599326599327,488,0,600,397
True,0,0,500,0.7744107744107744,555,5,595,330
True,0,0,500,0.7427609427609427,512,9,591,373
True,0,0,500,0.7218855218855219,480,8,592,405
True,0,0,500,0.7010101010101011,442,1,599,443
True,0,0,500,0.7393939393939394,504,6,594,381
True,0,0,500,0.7212121212121212,472,1,599,413
True,0,0,500,0.7427609427609427,508,5,595,377
True,0,0,500,0.694949494949495,433,1,599,452
True,0,0,500,0.756902356902357,524,0,600,361
True,0,0,500,0.7555555555555555,523,1,599,362
True,0,0,500,0.7441077441077442,505,0,600,380
True,0,0,500,0.6693602693602694,395,1,599,490
True,0,0,500,0.7521885521885522,522,5,595,363
True,0,0,500,0.7407407407407407,508,8,592,377
True,0,0,500,0.7286195286195286,497,15,585,388
True,0,0,500,0.7265993265993266,480,1,599,405
True,0,0,500,0.7232323232323232,475,1,599,410
True,0,0,500,0.7353535353535354,499,7,593,386
True,0,0,500,0.7346801346801346,491,0,600,394
True,0,0,500,0.7178451178451178,468,2,598,417
True,0,0,500,0.7259259259259259,481,3,597,404
True,0,0,500,0.7084175084175084,453,1,599,432
True,0,0,500,0.7602693602693602,530,1,599,355
True,0,0,500,0.7205387205387206,476,6,594,409
True,0.1,0,500,0.7292929292929293,483,0,600,402
True,0.1,0,500,0.756902356902357,524,0,600,361
True,0.1,0,500,0.7265993265993266,485,6,594,400
True,0.1,0,500,0.756902356902357,529,5,595,356
True,0.1,0,500,0.7306397306397306,486,1,599,399
True,0.1,0,500,0.6895622895622895,426,2,598,459
True,0.1,0,500,0.7548821548821549,522,1,599,363
True,0.1,0,500,0.7117845117845119,458,1,599,427
True,0.1,0,500,0.756902356902357,538,14,586,347
True,0.1,0,500,0.7589225589225589,530,3,597,355
True,0.1,0,500,0.7414141414141414,502,1,599,383
True,0.1,0,500,0.7326599326599327,488,0,600,397
True,0.1,0,500,0.7515151515151515,519,3,597,366
True,0.1,0,500,0.7784511784511785,556,0,600,329
True,0.1,0,500,0.6525252525252525,434,65,535,451
True,0.1,0,500,0.6713804713804714,406,9,591,479
True,0.1,0,500,0.7393939393939394,508,10,590,377
True,0.1,0,500,0.7407407407407407,514,14,586,371
True,0.1,0,500,0.7474747474747474,522,12,588,363
True,0.1,0,500,0.6787878787878787,422,14,586,463
True,0.1,0,500,0.7656565656565657,537,0,600,348
True,0.1,0,500,0.7474747474747474,511,1,599,374
True,0.1,0,500,0.7111111111111111,460,4,596,425
True,0.1,0,500,0.7468013468013468,516,7,593,369
True,0.1,0,500,0.7367003367003366,500,6,594,385
True,0.1,0,500,0.7575757575757576,530,5,595,355
True,0.1,0,500,0.7373737373737373,499,4,596,386
True,0.1,0,500,0.762962962962963,533,0,600,352
True,0.1,0,500,0.698989898989899,446,8,592,439
True,0.1,0,500,0.7299663299663299,487,3,597,398
True,0.1,0,500,0.7616161616161616,537,6,594,348
True,0.1,0,500,0.6962962962962963,467,33,567,418
True,0.1,0,500,0.7824915824915825,562,0,600,323
True,0.1,0,500,0.7501683501683502,526,12,588,359
True,0.1,0,500,0.7171717171717171,483,18,582,402
True,0.1,0,500,0.7084175084175084,453,1,599,432
True,0.1,0,500,0.7555555555555555,522,0,600,363
True,0.1,0,500,0.7582491582491583,528,2,598,357
True,0.1,0,500,0.7138047138047139,468,8,592,417
True,0.1,0,500,0.7313131313131314,493,7,593,392
True,0.1,0,500,0.7198653198653199,473,4,596,412
True,0.1,0,500,0.769023569023569,544,2,598,341
True,0.1,0,500,0.7097643097643098,465,11,589,420
True,0.1,0,500,0.705050505050505,451,4,596,434
True,0.1,0,500,0.767003367003367,549,10,590,336
True,0.1,0,500,0.7077441077441078,466,15,585,419
True,0.1,0,500,0.7239057239057238,478,3,597,407
True,0.1,0,500,0.7528619528619529,524,6,594,361
True,0.1,0,500,0.7414141414141414,504,3,597,381
True,0.1,0,500,0.7010101010101011,448,7,593,437
True,0.05,0,500,0.7515151515151515,527,11,589,358
True,0.05,0,500,0.7346801346801346,493,2,598,392
True,0.05,0,500,0.7636363636363637,536,2,598,349
True,0.05,0,500,0.7198653198653199,473,4,596,412
True,0.05,0,500,0.6868686868686869,438,18,582,447
True,0.05,0,500,0.7474747474747474,510,0,600,375
True,0.05,0,500,0.7010101010101011,446,5,595,439
True,0.05,0,500,0.734006734006734,507,17,583,378
True,0.05,0,500,0.6774410774410775,427,21,579,458
True,0.05,0,500,0.7636363636363637,543,9,591,342
True,0.05,0,500,0.6956228956228956,439,6,594,446
True,0.05,0,500,0.7771043771043771,554,0,600,331
True,0.05,0,500,0.7393939393939394,501,3,597,384
True,0.05,0,500,0.7427609427609427,506,3,597,379
True,0.05,0,500,0.7609427609427609,532,2,598,353
True,0.05,0,500,0.7508417508417509,521,6,594,364
True,0.05,0,500,0.7441077441077442,505,0,600,380
True,0.05,0,500,0.7542087542087542,530,10,590,355
True,0.05,0,500,0.7481481481481482,517,6,594,368
True,0.05,0,500,0.7299663299663299,492,8,592,393
True,0.05,0,500,0.7191919191919192,469,1,599,416
True,0.05,0,500,0.7387205387205387,505,8,592,380
True,0.05,0,500,0.7239057239057238,476,1,599,409
True,0.05,0,500,0.7333333333333334,489,0,600,396
True,0.05,0,500,0.7373737373737373,501,6,594,384
True,0.05,0,500,0.7602693602693602,529,0,600,356
True,0.05,0,500,0.7912457912457913,575,0,600,310
True,0.05,0,500,0.7104377104377104,457,2,598,428
True,0.05,0,500,0.736026936026936,505,12,588,380
True,0.05,0,500,0.7542087542087542,529,9,591,356
True,0.05,0,500,0.7683501683501683,546,5,595,339
True,0.05,0,500,0.7777777777777778,559,4,596,326
True,0.05,0,500,0.7245791245791247,485,9,591,400
True,0.05,0,500,0.7010101010101011,448,7,593,437
True,0.05,0,500,0.7696969696969697,550,7,593,335
True,0.05,0,500,0.7494949494949494,513,0,600,372
True,0.05,0,500,0.6915824915824915,438,11,589,447
True,0.05,0,500,0.7373737373737373,497,2,598,388
True,0.05,0,500,0.7454545454545455,511,4,596,374
True,0.05,0,500,0.7292929292929293,484,1,599,401
True,0.05,0,500,0.7010101010101011,444,3,597,441
True,0.05,0,500,0.804040404040404,596,2,598,289
True,0.05,0,500,0.7501683501683502,525,11,589,360
True,0.05,0,500,0.7299663299663299,484,0,600,401
True,0.05,0,500,0.7474747474747474,515,5,595,370
True,0.05,0,500,0.7468013468013468,509,0,600,376
True,0.05,0,500,0.7373737373737373,499,4,596,386
True,0.05,0,500,0.7225589225589226,479,6,594,406
True,0.05,0,500,0.6868686868686869,430,10,590,455
True,0.05,0,500,0.7501683501683502,515,1,599,370
True,0,0,1000,0.8276094276094276,631,2,598,254
True,0,0,1000,0.8296296296296296,635,3,597,250
True,0,0,1000,0.8107744107744108,604,0,600,281
True,0,0,1000,0.8437710437710437,654,1,599,231
True,0,0,1000,0.8303030303030303,634,1,599,251
True,0,0,1000,0.8101010101010101,604,1,599,281
True,0,0,1000,0.8235690235690236,630,7,593,255
True,0,0,1000,0.806060606060606,601,4,596,284
True,0,0,1000,0.8175084175084175,617,3,597,268
True,0,0,1000,0.8309764309764309,636,2,598,249
True,0,0,1000,0.8134680134680135,612,4,596,273
True,0,0,1000,0.8451178451178452,662,7,593,223
True,0,0,1000,0.8067340067340067,600,2,598,285
True,0,0,1000,0.8208754208754209,623,4,596,262
True,0,0,1000,0.8175084175084175,616,2,598,269
True,0,0,1000,0.8148148148148149,616,6,594,269
True,0,0,1000,0.8404040404040404,654,6,594,231
True,0,0,1000,0.8356902356902357,643,2,598,242
True,0,0,1000,0.8410774410774411,656,7,593,229
True,0,0,1000,0.8424242424242424,651,0,600,234
True,0,0,1000,0.835016835016835,641,1,599,244
True,0,0,1000,0.835016835016835,646,6,594,239
True,0,0,1000,0.8397306397306398,649,2,598,236
True,0,0,1000,0.8255892255892257,647,21,579,238
True,0,0,1000,0.8404040404040404,651,3,597,234
True,0,0,1000,0.8316498316498316,644,9,591,241
True,0,0,1000,0.8531986531986532,667,0,600,218
True,0,0,1000,0.8437710437710437,656,3,597,229
True,0,0,1000,0.8282828282828283,631,1,599,254
True,0,0,1000,0.8134680134680135,614,6,594,271
True,0,0,1000,0.8282828282828283,634,4,596,251
True,0,0,1000,0.8424242424242424,651,0,600,234
True,0,0,1000,0.8067340067340067,608,10,590,277
True,0,0,1000,0.8653198653198653,685,0,600,200
True,0,0,1000,0.8471380471380472,662,4,596,223
True,0,0,1000,0.8410774410774411,652,3,597,233
True,0,0,1000,0.8202020202020202,621,3,597,264
True,0,0,1000,0.8343434343434344,639,0,600,246
True,0,0,1000,0.8168350168350168,617,4,596,268
True,0,0,1000,0.8383838383838383,649,4,596,236
True,0,0,1000,0.8491582491582492,666,5,595,219
True,0,0,1000,0.8471380471380472,659,1,599,226
True,0,0,1000,0.8148148148148149,613,3,597,272
True,0,0,1000,0.857912457912458,677,3,597,208
True,0,0,1000,0.8558922558922559,674,3,597,211
True,0,0,1000,0.8161616161616162,613,1,599,272
True,0,0,1000,0.8235690235690236,628,5,595,257
True,0,0,1000,0.8417508417508417,655,5,595,230
True,0,0,1000,0.8235690235690236,629,6,594,256
True,0,0,1000,0.8222222222222222,624,3,597,261
True,0.1,0,1000,0.8053872053872053,609,13,587,276
True,0.1,0,1000,0.8228956228956229,644,22,578,241
True,0.1,0,1000,0.8208754208754209,628,9,591,257
True,0.1,0,1000,0.8175084175084175,641,27,573,244
True,0.1,0,1000,0.8228956228956229,622,0,600,263
True,0.1,0,1000,0.8424242424242424,651,0,600,234
True,0.1,0,1000,0.8127946127946128,617,10,590,268
True,0.1,0,1000,0.8410774410774411,650,1,599,235
True,0.1,0,1000,0.8276094276094276,633,4,596,252
True,0.1,0,1000,0.8552188552188552,671,1,599,214
True,0.1,0,1000,0.8390572390572391,649,3,597,236
True,0.1,0,1000,0.8484848484848485,661,1,599,224
True,0.1,0,1000,0.8249158249158249,626,1,599,259
True,0.1,0,1000,0.8181818181818181,633,18,582,252
True,0.1,0,1000,0.8437710437710437,668,15,585,217
True,0.1,0,1000,0.8215488215488216,622,2,598,263
True,0.1,0,1000,0.8282828282828283,630,0,600,255
True,0.1,0,1000,0.8498316498316498,666,4,596,219
True,0.1,0,1000,0.8208754208754209,625,6,594,260
True,0.1,0,1000,0.8363636363636364,647,5,595,238
True,0.1,0,1000,0.8363636363636364,642,0,600,243
True,0.1,0,1000,0.8074074074074074,609,10,590,276
True,0.1,0,1000,0.8296296296296296,641,9,591,244
True,0.1,0,1000,0.85993265993266,677,0,600,208
True,0.1,0,1000,0.8451178451178452,657,2,598,228
True,0.1,0,1000,0.8498316498316498,666,4,596,219
True,0.1,0,1000,0.8296296296296296,643,11,589,242
True,0.1,0,1000,0.7905723905723906,590,16,584,295
True,0.1,0,1000,0.832996632996633,642,5,595,243
True,0.1,0,1000,0.8457912457912458,658,2,598,227
True,0.1,0,1000,0.8323232323232324,637,1,599,248
True,0.1,0,1000,0.8289562289562289,646,15,585,239
True,0.1,0,1000,0.8148148148148149,617,7,593,268
True,0.1,0,1000,0.8276094276094276,635,6,594,250
True,0.1,0,1000,0.8430976430976431,663,11,589,222
True,0.1,0,1000,0.8417508417508417,651,1,599,234
True,0.1,0,1000,0.8336700336700337,645,7,593,240
True,0.1,0,1000,0.8094276094276094,623,21,579,262
True,0.1,0,1000,0.7966329966329966,636,53,547,249
True,0.1,0,1000,0.8228956228956229,623,1,599,262
True,0.1,0,1000,0.8080808080808081,624,24,576,261
True,0.1,0,1000,0.8148148148148149,637,27,573,248
True,0.1,0,1000,0.8181818181818181,615,0,600,270
True,0.1,0,1000,0.7824915824915825,606,44,556,279
True,0.1,0,1000,0.8390572390572391,651,5,595,234
True,0.1,0,1000,0.8336700336700337,638,0,600,247
True,0.1,0,1000,0.8074074074074074,607,8,592,278
True,0.1,0,1000,0.8592592592592593,679,3,597,206
True,0.1,0,1000,0.8222222222222222,625,4,596,260
True,0.1,0,1000,0.8148148148148149,653,43,557,232
True,0.05,0,1000,0.8498316498316498,665,3,597,220
True,0.05,0,1000,0.8383838383838383,647,2,598,238
True,0.05,0,1000,0.8505050505050505,663,0,600,222
True,0.05,0,1000,0.8545454545454545,669,0,600,216
True,0.05,0,1000,0.826936026936027,632,4,596,253
True,0.05,0,1000,0.8323232323232324,637,1,599,248
True,0.05,0,1000,0.8619528619528619,680,0,600,205
True,0.05,0,1000,0.8188552188552188,620,4,596,265
True,0.05,0,1000,0.826936026936027,630,2,598,255
True,0.05,0,1000,0.8518518518518519,668,3,597,217
True,0.05,0,1000,0.8296296296296296,632,0,600,253
True,0.05,0,1000,0.8363636363636364,643,1,599,242
True,0.05,0,1000,0.8525252525252525,680,14,586,205
True,0.05,0,1000,0.8491582491582492,662,1,599,223
True,0.05,0,1000,0.8309764309764309,636,2,598,249
True,0.05,0,1000,0.8404040404040404,668,20,580,217
True,0.05,0,1000,0.8316498316498316,641,6,594,244
True,0.05,0,1000,0.8181818181818181,626,11,589,259
True,0.05,0,1000,0.8053872053872053,609,13,587,276
True,0.05,0,1000,0.8148148148148149,632,22,578,253
True,0.05,0,1000,0.7986531986531986,605,19,581,280
True,0.05,0,1000,0.8417508417508417,650,0,600,235
True,0.05,0,1000,0.8356902356902357,641,0,600,244
True,0.05,0,1000,0.8471380471380472,658,0,600,227
True,0.05,0,1000,0.8417508417508417,650,0,600,235
True,0.05,0,1000,0.8168350168350168,619,6,594,266
True,0.05,0,1000,0.8242424242424242,626,2,598,259
True,0.05,0,1000,0.8343434343434344,642,3,597,243
True,0.05,0,1000,0.8316498316498316,635,0,600,250
True,0.05,0,1000,0.8437710437710437,653,0,600,232
True,0.05,0,1000,0.8612794612794613,679,0,600,206
True,0.05,0,1000,0.857912457912458,674,0,600,211
True,0.05,0,1000,0.8343434343434344,639,0,600,246
True,0.05,0,1000,0.8491582491582492,668,7,593,217
True,0.05,0,1000,0.835016835016835,654,14,586,231
True,0.05,0,1000,0.8161616161616162,619,7,593,266
True,0.05,0,1000,0.837037037037037,645,2,598,240
True,0.05,0,1000,0.806060606060606,599,2,598,286
True,0.05,0,1000,0.8127946127946128,616,9,591,269
True,0.05,0,1000,0.8356902356902357,646,5,595,239
True,0.05,0,1000,0.8518518518518519,668,3,597,217
True,0.05,0,1000,0.8612794612794613,683,4,596,202
True,0.05,0,1000,0.8437710437710437,659,6,594,226
True,0.05,0,1000,0.8228956228956229,625,3,597,260
True,0.05,0,1000,0.8457912457912458,657,1,599,228
True,0.05,0,1000,0.8222222222222222,622,1,599,263
True,0.05,0,1000,0.8222222222222222,632,11,589,253
True,0.05,0,1000,0.826936026936027,628,0,600,257
True,0.05,0,1000,0.8397306397306398,649,2,598,236
True,0.05,0,1000,0.8276094276094276,639,10,590,246
True,0,0,2000,0.9043771043771044,747,4,596,138
True,0,0,2000,0.8895622895622896,736,15,585,149
True,0,0,2000,0.8936026936026936,727,0,600,158
True,0,0,2000,0.9212121212121213,768,0,600,117
True,0,0,2000,0.9057239057239057,749,4,596,136
True,0,0,2000,0.8767676767676768,711,9,591,174
True,0,0,2000,0.8841750841750842,720,7,593,165
True,0,0,2000,0.8936026936026936,729,2,598,156
True,0,0,2000,0.8814814814814815,714,5,595,171
True,0,0,2000,0.907070707070707,748,1,599,137
True,0,0,2000,0.868013468013468,712,23,577,173
True,0,0,2000,0.8956228956228957,730,0,600,155
True,0,0,2000,0.9097643097643098,758,7,593,127
True,0,0,2000,0.8646464646464647,691,7,593,194
True,0,0,2000,0.8855218855218855,717,2,598,168
True,0,0,2000,0.9023569023569024,746,6,594,139
True,0,0,2000,0.9171717171717172,763,1,599,122
True,0,0,2000,0.8915824915824916,733,9,591,152
True,0,0,2000,0.8828282828282829,719,8,592,166
True,0,0,2000,0.898989898989899,741,6,594,144
True,0,0,2000,0.8841750841750842,716,3,597,169
True,0,0,2000,0.8902356902356903,722,0,600,163
True,0,0,2000,0.8976430976430977,733,0,600,152
True,0,0,2000,0.8949494949494949,739,10,590,146
True,0,0,2000,0.9205387205387205,770,3,597,115
True,0,0,2000,0.9043771043771044,748,5,595,137
True,0,0,2000,0.8996632996632996,739,3,597,146
True,0,0,2000,0.8949494949494949,730,1,599,155
True,0,0,2000,0.9037037037037037,744,2,598,141
True,0,0,2000,0.9003367003367003,742,5,595,143
True,0,0,2000,0.8996632996632996,740,4,596,145
True,0,0,2000,0.8936026936026936,731,4,596,154
True,0,0,2000,0.8936026936026936,729,2,598,156
True,0,0,2000,0.8693602693602693,691,0,600,194
True,0,0,2000,0.907070707070707,747,0,600,138
True,0,0,2000,0.8983164983164983,737,3,597,148
True,0,0,2000,0.8848484848484849,723,9,591,162
True,0,0,2000,0.9104377104377104,758,6,594,127
True,0,0,2000,0.8713804713804714,697,3,597,188
True,0,0,2000,0.901010101010101,738,0,600,147
True,0,0,2000,0.8801346801346801,709,2,598,176
True,0,0,2000,0.8895622895622896,721,0,600,164
True,0,0,2000,0.8942760942760943,728,0,600,157
True,0,0,2000,0.8922558922558923,731,6,594,154
True,0,0,2000,0.8821548821548821,712,2,598,173
True,0,0,2000,0.8875420875420875,723,5,595,162
True,0,0,2000,0.8909090909090909,731,8,592,154
True,0,0,2000,0.8666666666666667,691,4,596,194
True,0,0,2000,0.8794612794612795,711,5,595,174
True,0,0,2000,0.8895622895622896,727,6,594,158
True,0.1,0,2000,0.8747474747474747,710,11,589,175
True,0.1,0,2000,0.8525252525252525,705,39,561,180
True,0.1,0,2000,0.9090909090909091,764,14,586,121
True,0.1,0,2000,0.8592592592592593,693,17,583,192
True,0.1,0,2000,0.8484848484848485,716,56,544,169
True,0.1,0,2000,0.8632996632996632,686,4,596,199
True,0.1,0,2000,0.8727272727272728,723,27,573,162
True,0.1,0,2000,0.9037037037037037,754,12,588,131
True,0.1,0,2000,0.8801346801346801,721,14,586,164
True,0.1,0,2000,0.8585858585858586,700,25,575,185
True,0.1,0,2000,0.8983164983164983,754,20,580,131
True,0.1,0,2000,0.8983164983164983,738,4,596,147
True,0.1,0,2000,0.9057239057239057,756,11,589,129
True,0.1,0,2000,0.8949494949494949,732,3,597,153
True,0.1,0,2000,0.8828282828282829,730,19,581,155
True,0.1,0,2000,0.9063973063973064,747,1,599,138
True,0.1,0,2000,0.9232323232323232,779,8,592,106
True,0.1,0,2000,0.9205387205387205,769,2,598,116
True,0.1,0,2000,0.896969696969697,744,12,588,141
True,0.1,0,2000,0.8808080808080808,722,14,586,163
True,0.1,0,2000,0.8841750841750842,732,19,581,153
True,0.1,0,2000,0.8545454545454545,726,57,543,159
True,0.1,0,2000,0.8936026936026936,739,12,588,146
True,0.1,0,2000,0.9023569023569024,747,7,593,138
True,0.1,0,2000,0.896969696969697,733,1,599,152
True,0.1,0,2000,0.8868686868686868,735,18,582,150
True,0.1,0,2000,0.8451178451178452,715,60,540,170
True,0.1,0,2000,0.8996632996632996,740,4,596,145
True,0.1,0,2000,0.9050505050505051,755,11,589,130
True,0.1,0,2000,0.9232323232323232,774,3,597,111
True,0.1,0,2000,0.8794612794612795,727,21,579,158
True,0.1,0,2000,0.9191919191919192,767,2,598,118
True,0.1,0,2000,0.8875420875420875,729,11,589,156
True,0.1,0,2000,0.901010101010101,740,2,598,145
True,0.1,0,2000,0.8915824915824916,724,0,600,161
True,0.1,0,2000,0.9063973063973064,748,2,598,137
True,0.1,0,2000,0.8936026936026936,755,28,572,130
True,0.1,0,2000,0.9050505050505051,749,5,595,136
True,0.1,0,2000,0.8861952861952862,720,4,596,165
True,0.1,0,2000,0.8902356902356903,731,9,591,154
True,0.1,0,2000,0.8774410774410775,728,25,575,157
True,0.1,0,2000,0.9259259259259259,777,2,598,108
True,0.1,0,2000,0.8915824915824916,728,4,596,157
True,0.1,0,2000,0.8868686868686868,732,15,585,153
True,0.1,0,2000,0.8936026936026936,731,4,596,154
True,0.1,0,2000,0.8848484848484849,739,25,575,146
True,0.1,0,2000,0.85993265993266,724,47,553,161
True,0.1,0,2000,0.8861952861952862,736,20,580,149
True,0.1,0,2000,0.8686868686868687,727,37,563,158
True,0.1,0,2000,0.907070707070707,756,9,591,129
True,0.05,0,2000,0.8888888888888888,722,2,598,163
True,0.05,0,2000,0.8707070707070708,715,22,578,170
True,0.05,0,2000,0.9057239057239057,751,6,594,134
True,0.05,0,2000,0.8983164983164983,734,0,600,151
True,0.05,0,2000,0.9104377104377104,759,7,593,126
True,0.05,0,2000,0.9178451178451178,765,2,598,120
True,0.05,0,2000,0.9030303030303031,744,3,597,141
True,0.05,0,2000,0.8983164983164983,753,19,581,132
True,0.05,0,2000,0.8949494949494949,730,1,599,155
True,0.05,0,2000,0.8915824915824916,725,1,599,160
True,0.05,0,2000,0.8720538720538721,696,1,599,189
True,0.05,0,2000,0.8828282828282829,728,17,583,157
True,0.05,0,2000,0.8814814814814815,723,14,586,162
True,0.05,0,2000,0.8962962962962963,731,0,600,154
True,0.05,0,2000,0.9090909090909091,757,7,593,128
True,0.05,0,2000,0.8868686868686868,722,5,595,163
True,0.05,0,2000,0.8693602693602693,698,7,593,187
True,0.05,0,2000,0.8902356902356903,725,3,597,160
True,0.05,0,2000,0.9050505050505051,744,0,600,141
True,0.05,0,2000,0.8962962962962963,731,0,600,154
True,0.05,0,2000,0.8875420875420875,724,6,594,161
True,0.05,0,2000,0.9050505050505051,745,1,599,140
True,0.05,0,2000,0.9043771043771044,750,7,593,135
True,0.05,0,2000,0.8956228956228957,736,6,594,149
True,0.05,0,2000,0.8747474747474747,712,13,587,173
True,0.05,0,2000,0.8895622895622896,723,2,598,162
True,0.05,0,2000,0.8996632996632996,737,1,599,148
True,0.05,0,2000,0.8949494949494949,732,3,597,153
True,0.05,0,2000,0.8949494949494949,732,3,597,153
True,0.05,0,2000,0.9016835016835016,743,4,596,142
True,0.05,0,2000,0.8922558922558923,726,1,599,159
True,0.05,0,2000,0.8888888888888888,731,11,589,154
True,0.05,0,2000,0.8902356902356903,726,4,596,159
True,0.05,0,2000,0.9023569023569024,741,1,599,144
True,0.05,0,2000,0.8983164983164983,734,0,600,151
True,0.05,0,2000,0.868013468013468,704,15,585,181
True,0.05,0,2000,0.8956228956228957,737,7,593,148
True,0.05,0,2000,0.901010101010101,747,9,591,138
True,0.05,0,2000,0.8936026936026936,731,4,596,154
True,0.05,0,2000,0.8902356902356903,722,0,600,163
True,0.05,0,2000,0.8949494949494949,735,6,594,150
True,0.05,0,2000,0.8888888888888888,729,9,591,156
True,0.05,0,2000,0.8929292929292929,726,0,600,159
True,0.05,0,2000,0.8949494949494949,729,0,600,156
True,0.05,0,2000,0.8915824915824916,725,1,599,160
True,0.05,0,2000,0.8875420875420875,719,1,599,166
True,0.05,0,2000,0.9191919191919192,771,6,594,114
True,0.05,0,2000,0.8949494949494949,731,2,598,154
True,0.05,0,2000,0.9003367003367003,753,16,584,132
True,0.05,0,2000,0.898989898989899,742,7,593,143
True,0,0,10000,0.9892255892255892,870,1,599,15
True,0,0,10000,0.9616161616161616,831,3,597,54
True,0,0,10000,0.9575757575757575,824,2,598,61
True,0,0,10000,0.9771043771043771,854,3,597,31
True,0,0,10000,0.9616161616161616,834,6,594,51
True,0,0,10000,0.9346801346801347,789,1,599,96
True,0,0,10000,0.9885521885521885,868,0,600,17
True,0,0,10000,0.9703703703703703,841,0,600,44
True,0,0,10000,0.9501683501683502,813,2,598,72
True,0,0,10000,0.9602693602693603,828,2,598,57
True,0,0,10000,0.9595959595959596,826,1,599,59
True,0,0,10000,0.9023569023569024,744,4,596,141
True,0,0,10000,0.962962962962963,835,5,595,50
True,0,0,10000,0.9777777777777777,859,7,593,26
True,0,0,10000,0.9811447811447811,863,6,594,22
True,0,0,10000,0.9872053872053872,866,0,600,19
True,0,0,10000,0.9488215488215488,824,15,585,61
True,0,0,10000,0.9265993265993266,779,3,597,106
True,0,0,10000,0.9387205387205387,797,3,597,88
True,0,0,10000,0.9643097643097643,832,0,600,53
True,0,0,10000,0.9063973063973064,764,18,582,121
True,0,0,10000,0.9569023569023569,825,4,596,60
True,0,0,10000,0.9683501683501683,838,0,600,47
True,0,0,10000,0.9649831649831649,842,9,591,43
True,0,0,10000,0.9441077441077441,803,1,599,82
True,0,0,10000,0.9777777777777777,856,4,596,29
True,0,0,10000,0.9730639730639731,845,0,600,40
True,0,0,10000,0.9602693602693603,827,1,599,58
True,0,0,10000,0.9824915824915825,863,4,596,22
True,0,0,10000,0.8922558922558923,732,7,593,153
True,0,0,10000,0.9373737373737374,795,3,597,90
True,0,0,10000,0.9144781144781144,759,1,599,126
True,0,0,10000,0.94006734006734,796,0,600,89
True,0,0,10000,0.98989898989899,871,1,599,14
True,0,0,10000,0.9441077441077441,804,2,598,81
True,0,0,10000,0.9434343434343434,802,1,599,83
True,0,0,10000,0.94006734006734,796,0,600,89
True,0,0,10000,0.9797979797979798,861,6,594,24
True,0,0,10000,0.9198653198653198,775,9,591,110
True,0,0,10000,0.9326599326599326,787,2,598,98
True,0,0,10000,0.9858585858585859,868,4,596,17
True,0,0,10000,0.9696969696969697,848,8,592,37
True,0,0,10000,0.8962962962962963,732,1,599,153
True,0,0,10000,0.9872053872053872,866,0,600,19
True,0,0,10000,0.9562289562289562,820,0,600,65
True,0,0,10000,0.9858585858585859,866,2,598,19
True,0,0,10000,0.9555555555555556,828,9,591,57
True,0,0,10000,0.9535353535353536,821,5,595,64
True,0,0,10000,0.9643097643097643,834,2,598,51
True,0,0,10000,0.960942760942761,828,1,599,57
True,0.1,0,10000,0.9387205387205387,849,55,545,36
True,0.1,0,10000,0.9171717171717172,861,99,501,24
True,0.1,0,10000,0.9212121212121213,843,75,525,42
True,0.1,0,10000,0.936026936026936,832,42,558,53
True,0.1,0,10000,0.9582491582491582,847,24,576,38
True,0.1,0,10000,0.8740740740740741,762,64,536,123
True,0.1,0,10000,0.9528619528619529,831,16,584,54
True,0.1,0,10000,0.9306397306397306,847,65,535,38
True,0.1,0,10000,0.9265993265993266,836,60,540,49
True,0.1,0,10000,0.8619528619528619,789,109,491,96
True,0.1,0,10000,0.868013468013468,781,92,508,104
True,0.1,0,10000,0.9346801346801347,818,30,570,67
True,0.1,0,10000,0.8552188552188552,778,108,492,107
True,0.1,0,10000,0.9117845117845118,801,47,553,84
True,0.1,0,10000,0.9885521885521885,871,3,597,14
True,0.1,0,10000,0.8734006734006734,794,97,503,91
True,0.1,0,10000,0.9245791245791246,840,67,533,45
True,0.1,0,10000,0.9265993265993266,834,58,542,51
True,0.1,0,10000,0.9077441077441077,798,50,550,87
True,0.1,0,10000,0.934006734006734,826,39,561,59
True,0.1,0,10000,0.9468013468013468,828,22,578,57
True,0.1,0,10000,0.876094276094276,749,48,552,136
True,0.1,0,10000,0.9117845117845118,840,86,514,45
True,0.1,0,10000,0.9461279461279462,826,21,579,59
True,0.1,0,10000,0.8835016835016835,736,24,576,149
True,0.1,0,10000,0.9090909090909091,796,46,554,89
True,0.1,0,10000,0.8565656565656565,760,88,512,125
True,0.1,0,10000,0.8956228956228957,770,40,560,115
True,0.1,0,10000,0.9144781144781144,831,73,527,54
True,0.1,0,10000,0.9555555555555556,831,12,588,54
True,0.1,0,10000,0.9057239057239057,848,103,497,37
True,0.1,0,10000,0.9649831649831649,863,30,570,22
True,0.1,0,10000,0.9804713804713805,867,11,589,18
True,0.1,0,10000,0.8471380471380472,759,101,499,126
True,0.1,0,10000,0.9562289562289562,826,6,594,59
True,0.1,0,10000,0.9138047138047138,858,101,499,27
True,0.1,0,10000,0.9764309764309764,866,16,584,19
True,0.1,0,10000,0.8282828282828283,737,107,493,148
True,0.1,0,10000,0.936026936026936,809,19,581,76
True,0.1,0,10000,0.9030303030303031,772,31,569,113
True,0.1,0,10000,0.896969696969697,842,110,490,43
True,0.1,0,10000,0.9124579124579124,816,61,539,69
True,0.1,0,10000,0.9313131313131313,822,39,561,63
True,0.1,0,10000,0.9441077441077441,826,24,576,59
True,0.1,0,10000,0.9084175084175085,798,49,551,87
True,0.1,0,10000,0.8397306397306398,738,91,509,147
True,0.1,0,10000,0.9723905723905724,859,15,585,26
True,0.1,0,10000,0.9225589225589226,795,25,575,90
True,0.1,0,10000,0.9501683501683502,815,4,596,70
True,0.1,0,10000,0.9158249158249159,866,106,494,19
True,0.05,0,10000,0.9077441077441077,752,4,596,133
True,0.05,0,10000,0.9447811447811448,810,7,593,75
True,0.05,0,10000,0.967003367003367,872,36,564,13
True,0.05,0,10000,0.9656565656565657,836,2,598,49
True,0.05,0,10000,0.9454545454545454,820,16,584,65
True,0.05,0,10000,0.9367003367003367,827,36,564,58
True,0.05,0,10000,0.9656565656565657,852,18,582,33
True,0.05,0,10000,0.9494949494949495,838,28,572,47
True,0.05,0,10000,0.9804713804713805,864,8,592,21
True,0.05,0,10000,0.9555555555555556,860,41,559,25
True,0.05,0,10000,0.9838383838383838,864,3,597,21
True,0.05,0,10000,0.9622895622895623,837,8,592,48
True,0.05,0,10000,0.9555555555555556,827,8,592,58
True,0.05,0,10000,0.9542087542087542,825,8,592,60
True,0.05,0,10000,0.9468013468013468,825,19,581,60
True,0.05,0,10000,0.9104377104377104,823,71,529,62
True,0.05,0,10000,0.9124579124579124,790,35,565,95
True,0.05,0,10000,0.9407407407407408,814,17,583,71
True,0.05,0,10000,0.9387205387205387,818,24,576,67
True,0.05,0,10000,0.9771043771043771,853,2,598,32
True,0.05,0,10000,0.9777777777777777,868,16,584,17
True,0.05,0,10000,0.9037037037037037,751,9,591,134
True,0.05,0,10000,0.9373737373737374,805,13,587,80
True,0.05,0,10000,0.8962962962962963,742,11,589,143
True,0.05,0,10000,0.9212121212121213,775,7,593,110
True,0.05,0,10000,0.8996632996632996,756,20,580,129
True,0.05,0,10000,0.9737373737373738,854,8,592,31
True,0.05,0,10000,0.9616161616161616,828,0,600,57
True,0.05,0,10000,0.9555555555555556,826,7,593,59
True,0.05,0,10000,0.9683501683501683,848,10,590,37
True,0.05,0,10000,0.9555555555555556,821,2,598,64
True,0.05,0,10000,0.9528619528619529,815,0,600,70
True,0.05,0,10000,0.98989898989899,872,2,598,13
True,0.05,0,10000,0.92996632996633,808,27,573,77
True,0.05,0,10000,0.9494949494949495,841,31,569,44
True,0.05,0,10000,0.9151515151515152,767,8,592,118
True,0.05,0,10000,0.9723905723905724,850,6,594,35
True,0.05,0,10000,0.9622895622895623,831,2,598,54
True,0.05,0,10000,0.9777777777777777,855,3,597,30
True,0.05,0,10000,0.9494949494949495,829,19,581,56
True,0.05,0,10000,0.9663299663299664,835,0,600,50
True,0.05,0,10000,0.9757575757575757,851,2,598,34
True,0.05,0,10000,0.9636363636363636,833,2,598,52
True,0.05,0,10000,0.9474747474747475,819,12,588,66
True,0.05,0,10000,0.9407407407407408,819,22,578,66
True,0.05,0,10000,0.9703703703703703,842,1,599,43
True,0.05,0,10000,0.9515151515151515,813,0,600,72
True,0.05,0,10000,0.9521885521885521,823,9,591,62
True,0.05,0,10000,0.9313131313131313,795,12,588,90
True,0.05,0,10000,0.962962962962963,867,37,563,18
